xCoord	yCoord	Frame	BEventInfo
0.648109375	0.24786458333333333	2	Fixation
0.64265625	0.25796875	3	Fixation
0.6511015625	0.250125	3	Fixation
0.658984375	0.20509375	6	Fixation
0.6561484375	0.22945833333333335	7	Fixation
0.6595390625	0.21459375	8	Fixation
0.652546875	0.23376041666666666	9	Fixation
0.6523125000000001	0.22885416666666666	9	Fixation
0.666390625	0.24145833333333336	12	Fixation
0.6733671875	0.24285416666666665	13	Fixation
0.6706796875000001	0.23635416666666667	13	Fixation
0.8177031250000001	0.7120208333333333	16	Fixation
0.73503125	0.5920729166666666	17	Fixation
0.633328125	0.5815	19	Fixation
0.6052187499999999	0.5313125	20	Fixation
0.485828125	0.5996145833333333	23	Fixation
0.4881875	0.5641666666666667	23	Fixation
0.4761171875	0.5353333333333333	24	Fixation
0.47664062500000004	0.5777604166666667	25	Fixation
0.45345312499999996	0.5810520833333332	26	Fixation
0.463296875	0.6037708333333334	27	Fixation
0.46634374999999995	0.6111979166666667	28	Fixation
0.46216406250000003	0.6211354166666666	30	Fixation
0.4685859375	0.6234479166666667	31	Fixation
0.48129687499999996	0.6304895833333333	32	Fixation
0.479390625	0.6817604166666666	43	Fixation
0.48214843749999997	0.6838229166666667	43	Fixation
0.473328125	0.7108125	44	Fixation
0.488375	0.6897604166666667	45	Fixation
0.4912734375	0.7140625	46	Fixation
0.49390625000000005	0.7300729166666666	47	Fixation
0.507578125	0.7278854166666666	48	Fixation
0.5074296875	0.7311041666666667	49	Fixation
0.5626015625	0.29583333333333334	51	Fixation
0.5563906249999999	0.2971875	52	Fixation
0.5585546875	0.30264583333333334	52	Fixation
0.5464687500000001	0.27301041666666664	56	Fixation
0.5503125	0.2660625	57	Fixation
0.5532265625	0.2517083333333333	57	Fixation
0.5466249999999999	0.22703125	60	Fixation
0.54159375	0.23697916666666666	60	Fixation
0.5418828125	0.21825	61	Fixation
0.5447109375	0.23761458333333335	62	Fixation
0.55309375	0.22955208333333335	63	Fixation
0.5533828125	0.23933333333333331	63	Fixation
0.555953125	0.23885416666666667	64	Fixation
0.5722031249999999	0.23751041666666667	68	Fixation
0.5763515625	0.22119791666666666	69	Fixation
0.5753671875	0.22320833333333334	69	Fixation
0.5808046874999999	0.22612500000000002	70	Fixation
0.5776015625	0.22911458333333332	71	Fixation
0.5800859375	0.23258333333333334	72	Fixation
0.5799375	0.23016666666666669	72	Fixation
0.5873515625	0.22146875000000002	75	Fixation
0.5885234374999999	0.21246875	76	Fixation
0.5959375	0.21783333333333335	76	Fixation
0.6046328125	0.22191666666666665	79	Fixation
0.6012109375	0.21976041666666665	80	Fixation
0.609375	0.22549999999999998	80	Fixation
0.620375	0.21296874999999998	81	Fixation
0.622125	0.2140625	82	Fixation
0.6250234375	0.21342708333333332	83	Fixation
0.6156796875	0.19915625	83	Fixation
0.624375	0.21714583333333334	84	Fixation
0.6250390625	0.21579166666666666	85	Fixation
0.621109375	0.21598958333333332	86	Fixation
0.63634375	0.19860416666666666	90	Fixation
0.6412578124999999	0.20972916666666666	91	Fixation
0.0407890625	0.8994270833333334	105	Fixation
0.037828125000000004	0.8963958333333333	106	Fixation
0.5609140625	0.9824166666666667	118	Fixation
0.619640625	0.9785729166666666	121	Fixation
0.5874375	0.9380416666666667	122	Fixation
0.563703125	0.9529479166666667	123	Fixation
0.5512265625	0.9303333333333333	123	Fixation
0.4829921875	0.8908958333333333	128	Fixation
0.474328125	0.8984166666666666	129	Fixation
0.45092968750000006	0.8832187499999999	130	Fixation
0.52996875	0.4495416666666667	139	Fixation
0.5299765625	0.4570416666666667	140	Fixation
0.5144296875000001	0.46503125	142	Fixation
0.5170078124999999	0.464875	143	Fixation
0.5128203124999999	0.43802083333333336	145	Fixation
0.5204375	0.4419791666666667	146	Fixation
0.5205390624999999	0.47840625	147	Fixation
0.5147265625	0.47061458333333334	148	Fixation
0.511484375	0.48483333333333334	148	Fixation
0.510921875	0.49215625	149	Fixation
0.5141875	0.4769375	150	Fixation
0.5176406250000001	0.4747708333333333	151	Fixation
0.513484375	0.4921875	152	Fixation
0.5188906249999999	0.47388541666666667	154	Fixation
0.51646875	0.4726354166666667	155	Fixation
0.519078125	0.466125	155	Fixation
0.5201953125000001	0.47520833333333334	158	Fixation
0.52109375	0.47690625	159	Fixation
0.6576562499999999	0.6959479166666667	161	Fixation
0.6517890625	0.6980416666666667	162	Fixation
0.6608359375	0.7196666666666667	163	Fixation
0.6570390625	0.6965312499999999	163	Fixation
0.553625	0.7074895833333333	166	Fixation
0.54840625	0.7001041666666666	166	Fixation
0.5583046875	0.7139687499999999	167	Fixation
0.553171875	0.7073958333333333	168	Fixation
0.45684375	0.9543333333333333	175	Fixation
0.44728124999999996	0.9256354166666667	176	Fixation
0.45355468749999994	0.9040625	177	Fixation
0.46139843750000004	0.9551458333333334	178	Fixation
0.4634765625	0.9139166666666667	185	Fixation
0.46175	0.91959375	186	Fixation
0.45213281250000004	0.95178125	187	Fixation
0.46057812499999995	0.9539687499999999	187	Fixation
0.45428125	0.9398854166666666	190	Fixation
0.44820312500000004	0.91090625	191	Fixation
0.45748437500000005	0.9288958333333334	191	Fixation
0.45707031249999996	0.9211562499999999	192	Fixation
0.4590546875	0.9394895833333333	195	Fixation
0.452328125	0.9377708333333333	195	Fixation
0.45780468750000003	0.9833854166666666	196	Fixation
0.38484375000000004	0.9639895833333333	244	Fixation
0.39342968749999996	0.9698854166666667	245	Fixation
0.22342187500000002	0.4228645833333333	358	Fixation
0.20675781249999997	0.3940416666666666	359	Fixation
0.1846953125	0.42211458333333335	360	Fixation
0.17969531249999998	0.4509166666666667	361	Fixation
0.1681484375	0.456625	361	Fixation
0.1673828125	0.4399895833333333	362	Fixation
0.1499765625	0.49053125000000003	364	Fixation
0.1583203125	0.5018125	365	Fixation
0.16210156250000002	0.5113229166666666	366	Fixation
0.16771875	0.52734375	367	Fixation
0.119875	0.5714791666666666	372	Fixation
0.12256249999999999	0.5756770833333333	373	Fixation
0.11764843750000001	0.5763437499999999	373	Fixation
0.166453125	0.6140000000000001	383	Fixation
0.1655078125	0.6172916666666667	383	Fixation
0.1664453125	0.6123229166666667	384	Fixation
0.168171875	0.6024166666666667	387	Fixation
0.168171875	0.6105208333333334	388	Fixation
0.1666015625	0.612	389	Fixation
0.16800781250000002	0.6111354166666667	389	Fixation
0.1680859375	0.6075520833333333	390	Fixation
0.1673125	0.6045208333333334	391	Fixation
0.16678125	0.5970104166666667	392	Fixation
0.1732734375	0.59453125	393	Fixation
0.16771875	0.6028854166666666	393	Fixation
0.17153125	0.5883437499999999	394	Fixation
0.167859375	0.59928125	395	Fixation
0.16628125	0.5956770833333334	396	Fixation
0.1698984375	0.6015625	397	Fixation
0.3208828125	0.536125	399	Fixation
0.3185	0.55675	400	Fixation
0.316546875	0.5874479166666667	401	Fixation
0.30285937500000004	0.5713333333333334	401	Fixation
0.3020703125	0.5796770833333333	402	Fixation
0.2975	0.5812604166666666	403	Fixation
0.47068750000000004	0.9521041666666666	433	Fixation
0.47339062500000006	0.9288229166666666	434	Fixation
0.47232031250000006	0.9273020833333334	435	Fixation
0.48892187500000006	0.9436875	438	Fixation
0.4926640625	0.8981666666666667	439	Fixation
0.499015625	0.9255	440	Fixation
0.5031718749999999	0.8807708333333333	441	Fixation
0.5075390625	0.9160208333333333	441	Fixation
0.2596484375	0.7242395833333333	491	Fixation
0.256125	0.7331770833333333	492	Fixation
0.24765625	0.6562291666666666	494	Fixation
0.2524375	0.6526145833333333	495	Fixation
0.25225	0.6473333333333334	502	Fixation
0.258703125	0.6524895833333333	503	Fixation
0.25077343750000003	0.6434791666666667	503	Fixation
0.24986718749999998	0.6316041666666667	504	Fixation
0.2475703125	0.6356875	505	Fixation
0.2424296875	0.6427708333333333	506	Fixation
0.24651562500000002	0.6483020833333334	508	Fixation
0.24614843749999998	0.6455833333333333	509	Fixation
0.2408828125	0.6484166666666666	510	Fixation
0.1614765625	0.5158125	567	Fixation
0.16721875	0.52565625	567	Fixation
0.154078125	0.5248645833333333	568	Fixation
0.3694453125	0.7061875000000001	598	Fixation
0.3805	0.7157916666666666	599	Fixation
0.37590625	0.7256666666666667	606	Fixation
0.3773359375	0.7285208333333333	606	Fixation
0.3725859375	0.7286354166666666	607	Fixation
0.36734374999999997	0.7273020833333333	610	Fixation
0.3681171875	0.73278125	611	Fixation
0.3580546875	0.7193124999999999	611	Fixation
0.35203125	0.7203229166666667	612	Fixation
0.3499375	0.6909583333333333	613	Fixation
0.26434375	0.5004062499999999	647	Fixation
0.25615625	0.4400833333333333	648	Fixation
0.26640625	0.50065625	650	Fixation
0.270734375	0.49743750000000003	651	Fixation
0.2621640625	0.5388854166666667	652	Fixation
0.2630546875	0.5466770833333333	653	Fixation
0.269078125	0.51209375	654	Fixation
0.278875	0.49486458333333333	654	Fixation
0.2731796875	0.49562500000000004	655	Fixation
0.27121093749999997	0.5108125	656	Fixation
0.263765625	0.52728125	657	Fixation
0.26390625	0.5190625	659	Fixation
0.26267968750000004	0.5430833333333334	660	Fixation
0.2649296875	0.5205208333333333	661	Fixation
0.2616171875	0.5259375	662	Fixation
0.2623515625	0.5127291666666667	662	Fixation
0.26057031249999996	0.5257604166666667	663	Fixation
0.2606953125	0.5226041666666666	663	Fixation
0.2622890625	0.5178020833333333	664	Fixation
0.2561484375	0.5213541666666667	667	Fixation
0.2598828125	0.5244895833333333	668	Fixation
0.2527109375	0.5417187499999999	669	Fixation
0.26903125	0.47498958333333335	670	Fixation
0.2598203125	0.5195520833333334	670	Fixation
0.2567421875	0.522625	671	Fixation
0.254890625	0.5246875	672	Fixation
0.2430078125	0.5339895833333334	677	Fixation
0.2496171875	0.5309583333333333	678	Fixation
0.25059375	0.5333749999999999	679	Fixation
0.24517187499999998	0.5278645833333333	679	Fixation
0.6240703125	0.9898229166666667	696	Fixation
0.616125	0.9856145833333334	697	Fixation
0.61509375	0.9952500000000001	699	Fixation
0.615625	0.9835416666666668	699	Fixation
0.6141875	0.9964895833333334	702	Fixation
0.6091484375	0.9873020833333332	702	Fixation
0.6044296874999999	0.9741354166666666	703	Fixation
0.6083359374999999	0.9943020833333333	703	Fixation
0.60359375	0.98853125	704	Fixation
0.599421875	0.9908541666666667	708	Fixation
0.6035859375	0.9975937500000001	709	Fixation
0.1521796875	0.9719479166666667	754	Fixation
0.154046875	0.9686979166666667	755	Fixation
0.20096093750000002	0.9583541666666666	757	Fixation
0.207390625	0.9801458333333334	758	Fixation
0.2123203125	0.99203125	759	Fixation
0.1945078125	0.9931249999999999	764	Fixation
0.19432031249999998	0.9851145833333333	766	Fixation
0.1954375	0.9803020833333334	767	Fixation
0.161828125	0.9434583333333334	772	Fixation
0.16440625	0.953	773	Fixation
0.156140625	0.9536874999999999	774	Fixation
0.16210156250000002	0.97009375	774	Fixation
0.1610625	0.9605625	775	Fixation
0.1639296875	0.95340625	776	Fixation
0.7109375	0.5043541666666667	780	Fixation
0.6871015625	0.49004166666666665	780	Fixation
0.6878359374999999	0.487125	781	Fixation
0.677109375	0.5067291666666667	782	Fixation
0.6848359375	0.4890208333333333	783	Fixation
0.674421875	0.4964895833333333	788	Fixation
0.6726171875	0.4974895833333333	789	Fixation
0.828125	0.5611041666666666	792	Fixation
0.8148593749999999	0.5479166666666667	792	Fixation
0.808609375	0.5540937499999999	793	Fixation
0.7840234374999999	0.5463333333333333	794	Fixation
0.7617421875	0.53346875	795	Fixation
0.7466484375	0.5297916666666667	796	Fixation
0.7329921875000001	0.5376666666666666	797	Fixation
0.633234375	0.4770625	801	Fixation
0.63790625	0.47192708333333333	802	Fixation
0.6413593750000001	0.4239375	804	Fixation
0.6358671874999999	0.43810416666666663	805	Fixation
0.64559375	0.4182916666666667	806	Fixation
0.641578125	0.42283333333333334	807	Fixation
0.6384296875000001	0.4141875	808	Fixation
0.6421640625	0.41914583333333333	809	Fixation
0.5023125	0.35720833333333335	811	Fixation
0.5051015624999999	0.36196875	812	Fixation
0.5000859375	0.35830208333333335	812	Fixation
0.501	0.36248958333333337	813	Fixation
0.5086875	0.36435416666666665	814	Fixation
0.512390625	0.3684583333333334	815	Fixation
0.512046875	0.36471875	816	Fixation
0.515921875	0.37145833333333333	817	Fixation
0.50984375	0.3691979166666667	817	Fixation
0.51590625	0.3670833333333333	818	Fixation
0.5178125	0.3705104166666667	819	Fixation
0.5165	0.36973958333333334	820	Fixation
0.5238437499999999	0.37602083333333336	822	Fixation
0.5274375	0.3819895833333333	823	Fixation
0.52609375	0.38558333333333333	823	Fixation
0.53446875	0.38915625	824	Fixation
0.5237421875	0.3774270833333333	825	Fixation
0.5224296875000001	0.3837395833333333	826	Fixation
0.5223046874999999	0.39297916666666666	827	Fixation
0.521484375	0.38998958333333333	828	Fixation
0.5170625	0.40278125000000004	830	Fixation
0.51778125	0.40771875	831	Fixation
0.5200390625	0.40188541666666666	832	Fixation
0.5259609375000001	0.4051666666666666	834	Fixation
0.5316171875	0.40748958333333335	835	Fixation
0.33654687499999997	0.5162916666666667	847	Fixation
0.341	0.5195416666666667	848	Fixation
0.345421875	0.5314479166666667	851	Fixation
0.346984375	0.5309791666666667	852	Fixation
0.34485156250000004	0.5264375	852	Fixation
0.350125	0.5235833333333333	853	Fixation
0.3474296875	0.52878125	854	Fixation
0.34628125	0.5334166666666668	855	Fixation
0.341515625	0.53184375	855	Fixation
0.3400703125	0.5320416666666666	857	Fixation
0.34471875	0.5294895833333333	857	Fixation
0.3515546875	0.4998229166666667	858	Fixation
0.667609375	0.9223125	885	Fixation
0.662953125	0.9349270833333333	886	Fixation
0.6616015625	0.9246875	887	Fixation
0.5774765625	0.9511666666666667	891	Fixation
0.5771796874999999	0.9503958333333333	892	Fixation
0.577375	0.9528541666666667	892	Fixation
0.4592890625	0.9009375	902	Fixation
0.46039062499999994	0.898875	903	Fixation
0.46539062500000006	0.909125	903	Fixation
0.45757812500000006	0.9223854166666666	904	Fixation
0.4651015625	0.9144062500000001	905	Fixation
0.46078906249999996	0.922	906	Fixation
0.465515625	0.9094270833333333	911	Fixation
0.46712499999999996	0.9020312500000001	911	Fixation
0.52725	0.8711875	914	Fixation
0.523671875	0.8896979166666666	915	Fixation
0.5264140625	0.8824270833333333	915	Fixation
0.530625	0.8583125	918	Fixation
0.5255859375	0.8551979166666667	919	Fixation
0.6829531249999999	0.9874479166666668	974	Fixation
0.6765078124999999	0.9868958333333333	974	Fixation
0.6396171875000001	0.9513958333333333	977	Fixation
0.6391875	0.9609062500000001	978	Fixation
0.6413125	0.96375	978	Fixation
0.6425546875	0.9573750000000001	979	Fixation
0.6349609375	0.9580729166666667	983	Fixation
0.6157265625	0.9824166666666667	983	Fixation
0.609015625	0.9724791666666667	984	Fixation
0.5995546875	0.9646875	985	Fixation
0.44628125	0.9902916666666666	1016	Fixation
0.6063515625	0.51615625	1054	Fixation
0.6178671875	0.530625	1054	Fixation
0.577296875	0.5240208333333334	1057	Fixation
0.57546875	0.5254479166666667	1058	Fixation
0.5966171874999999	0.47622916666666665	1060	Fixation
0.5882578125	0.5124166666666666	1061	Fixation
0.423109375	0.40761458333333334	1063	Fixation
0.4206875	0.4344375	1063	Fixation
0.4196171875	0.44629166666666664	1064	Fixation
0.586140625	0.7168854166666667	1074	Fixation
0.5758046875	0.7524479166666667	1074	Fixation
0.5623671875	0.7001145833333333	1075	Fixation
0.548640625	0.7250520833333333	1079	Fixation
0.543796875	0.72425	1080	Fixation
0.544390625	0.7371145833333334	1081	Fixation
0.5431484375	0.7325208333333334	1082	Fixation
0.5488906250000001	0.731875	1082	Fixation
0.55225	0.7405729166666667	1083	Fixation
0.5534296875	0.7487604166666666	1085	Fixation
0.5491406249999999	0.7747083333333333	1086	Fixation
0.55790625	0.8140520833333333	1087	Fixation
0.5605859375	0.7724375	1088	Fixation
0.5601484375	0.7746145833333333	1089	Fixation
0.571984375	0.77984375	1092	Fixation
0.5758515625	0.7930625	1093	Fixation
0.5748203125	0.8151979166666667	1093	Fixation
0.5825781250000001	0.7939375	1094	Fixation
0.5903671875	0.80653125	1095	Fixation
0.5880703125	0.8	1096	Fixation
0.5923046875	0.8066041666666667	1097	Fixation
0.593703125	0.80340625	1098	Fixation
0.577640625	0.7865520833333334	1098	Fixation
0.5751796875	0.7707291666666667	1103	Fixation
0.475984375	0.8053020833333334	1103	Fixation
0.4833359375	0.824875	1104	Fixation
0.563703125	0.8151354166666667	1107	Fixation
0.5832890625	0.7989999999999999	1108	Fixation
0.5803984375	0.8080937499999999	1109	Fixation
0.57465625	0.76734375	1109	Fixation
0.58784375	0.777125	1110	Fixation
0.5834453125	0.7734270833333333	1111	Fixation
0.5862421875	0.8013437499999999	1113	Fixation
0.57328125	0.7984895833333333	1114	Fixation
0.2794609375	0.4381145833333333	1117	Fixation
0.289609375	0.44296875	1117	Fixation
0.2897421875	0.44953125	1118	Fixation
0.303546875	0.45155208333333335	1119	Fixation
0.30728125	0.44858333333333333	1120	Fixation
0.29591406249999996	0.43372916666666667	1123	Fixation
0.30625	0.4340104166666666	1123	Fixation
0.30993750000000003	0.43141666666666667	1124	Fixation
0.3186640625	0.43125	1125	Fixation
0.324265625	0.43313541666666666	1126	Fixation
0.3278984375	0.44095833333333334	1129	Fixation
0.33234375	0.4389166666666667	1129	Fixation
0.3314375	0.44036458333333334	1130	Fixation
0.33982812500000004	0.4546145833333333	1132	Fixation
0.34748437499999996	0.44925	1133	Fixation
0.347265625	0.45140625	1134	Fixation
0.35303125	0.44207291666666665	1135	Fixation
0.3508984375	0.44178125	1136	Fixation
0.4645390625	0.4511145833333333	1139	Fixation
0.452734375	0.44135416666666666	1140	Fixation
0.45053906250000003	0.4548333333333333	1141	Fixation
0.45218749999999996	0.45087499999999997	1141	Fixation
0.45358593750000004	0.4611354166666667	1144	Fixation
0.4552421875	0.46889583333333335	1145	Fixation
0.446359375	0.4780208333333333	1146	Fixation
0.44800000000000006	0.46909375	1147	Fixation
0.44432031250000004	0.4602395833333333	1148	Fixation
0.43910937499999997	0.44927083333333334	1150	Fixation
0.4481484375	0.4393958333333333	1151	Fixation
0.44659375	0.45619791666666665	1152	Fixation
0.44507812500000005	0.47281249999999997	1152	Fixation
0.4543984375	0.4598229166666667	1153	Fixation
0.45040625	0.45488541666666665	1157	Fixation
0.43746093750000004	0.4282708333333333	1157	Fixation
0.679890625	0.6355520833333334	1183	Fixation
0.6680390625	0.6361875	1183	Fixation
0.7034765625	0.64446875	1184	Fixation
0.739546875	0.5896145833333333	1185	Fixation
0.760671875	0.5423854166666667	1186	Fixation
0.779984375	0.5059895833333333	1187	Fixation
0.791375	0.5058958333333333	1188	Fixation
0.49714843750000004	0.46078125000000003	1207	Fixation
0.5009296875	0.4642916666666667	1207	Fixation
0.5052265625000001	0.42675	1208	Fixation
0.5078359375	0.41233333333333333	1209	Fixation
0.501046875	0.4192916666666667	1210	Fixation
0.5353125000000001	0.4754791666666666	1213	Fixation
0.5267421875	0.44201041666666663	1213	Fixation
0.538171875	0.43813541666666667	1214	Fixation
0.5536484374999999	0.46615625	1215	Fixation
0.5517734375	0.4294791666666667	1215	Fixation
0.56490625	0.47652083333333334	1218	Fixation
0.5702890625	0.4735625	1219	Fixation
0.5763984375	0.47334375	1220	Fixation
0.583078125	0.47404166666666664	1222	Fixation
0.5811640625	0.4061875	1223	Fixation
0.60671875	0.4691666666666666	1223	Fixation
0.49400000000000005	0.4451354166666667	1224	Fixation
0.15825781249999998	0.68496875	1231	Fixation
0.24921875	0.6790833333333333	1232	Fixation
0.292109375	0.38415625000000003	1235	Fixation
0.3157265625	0.402	1236	Fixation
0.3400859375	0.4190833333333333	1237	Fixation
0.355375	0.43753125	1238	Fixation
0.37320312499999997	0.4410625	1239	Fixation
0.3817890625	0.47336458333333337	1240	Fixation
0.3148828125	0.52090625	1242	Fixation
0.3276015625	0.53896875	1243	Fixation
0.33113281250000004	0.5512291666666667	1243	Fixation
0.5457109375	0.9756874999999999	1251	Fixation
0.5365859375	0.9682916666666667	1252	Fixation
0.5321171875	0.9635416666666666	1253	Fixation
0.5320546875	0.9702604166666667	1254	Fixation
0.5208125	0.9216666666666666	1255	Fixation
0.41981250000000003	0.45385416666666667	1261	Fixation
0.41253124999999996	0.4950625	1262	Fixation
0.46476562499999996	0.50884375	1264	Fixation
0.462390625	0.49819791666666663	1265	Fixation
0.4645546875	0.47498958333333335	1266	Fixation
0.4827109375	0.4760104166666667	1267	Fixation
0.4751484375	0.49842708333333335	1267	Fixation
0.4739296875	0.53184375	1271	Fixation
0.47338281249999997	0.5723854166666666	1272	Fixation
0.4633671875	0.5836354166666666	1272	Fixation
0.4999296875	0.41048958333333335	1279	Fixation
0.504171875	0.4091875	1280	Fixation
0.47703125	0.43911458333333336	1287	Fixation
0.4782109375	0.42889583333333337	1287	Fixation
0.47862499999999997	0.5866979166666667	1295	Fixation
0.469703125	0.6011562500000001	1296	Fixation
0.370109375	0.86215625	1306	Fixation
0.3729296875	0.8635937499999999	1307	Fixation
0.3987890625	0.7947187499999999	1309	Fixation
0.4296640625	0.7681458333333333	1310	Fixation
0.4459140625	0.771375	1310	Fixation
0.445015625	0.7534479166666667	1311	Fixation
0.452265625	0.7190416666666667	1317	Fixation
0.44895312499999995	0.71875	1318	Fixation
0.4542265625	0.718375	1319	Fixation
0.47194531250000005	0.717625	1323	Fixation
0.47299218749999994	0.7215416666666666	1323	Fixation
0.47390625000000003	0.725375	1324	Fixation
0.46885937499999997	0.7105729166666667	1325	Fixation
0.46529687500000005	0.7043020833333333	1326	Fixation
0.46854687500000003	0.7084583333333333	1326	Fixation
0.4910546875	0.6993229166666667	1329	Fixation
0.49386718749999997	0.7074791666666667	1330	Fixation
0.500953125	0.721625	1330	Fixation
0.494625	0.7179479166666667	1331	Fixation
0.5210781250000001	0.7282916666666667	1336	Fixation
0.513171875	0.7133541666666667	1337	Fixation
0.52415625	0.7146875	1338	Fixation
0.53125	0.7130729166666666	1339	Fixation
0.5307578125	0.7100208333333333	1339	Fixation
0.5280859375	0.71828125	1342	Fixation
0.5448906250000001	0.7345520833333333	1342	Fixation
0.53515625	0.6937604166666667	1347	Fixation
0.5222421875000001	0.688125	1348	Fixation
0.5123671875	0.6889895833333333	1349	Fixation
0.50975	0.6877395833333334	1350	Fixation
0.5009609375	0.6969479166666667	1350	Fixation
0.49578125	0.6935104166666667	1351	Fixation
0.49478906250000004	0.699375	1352	Fixation
0.5124453124999999	0.6855	1360	Fixation
0.5073359375	0.6753020833333333	1361	Fixation
0.506	0.7348854166666666	1364	Fixation
0.508234375	0.7256041666666667	1365	Fixation
0.5128671875	0.7289583333333333	1365	Fixation
0.48978124999999995	0.6935	1371	Fixation
0.48539843749999995	0.6844895833333333	1372	Fixation
0.481453125	0.6813020833333333	1373	Fixation
0.47840625000000003	0.6766666666666666	1374	Fixation
0.47559375	0.6785729166666666	1374	Fixation
0.4581875	0.6736562500000001	1377	Fixation
0.4661953125	0.6818020833333333	1378	Fixation
0.44859375	0.6708229166666667	1380	Fixation
0.458265625	0.6852083333333333	1381	Fixation
0.46285156250000004	0.69003125	1382	Fixation
0.5255	0.6913645833333334	1384	Fixation
0.51834375	0.6743020833333334	1385	Fixation
0.5232890625	0.6848958333333334	1385	Fixation
0.5452421875	0.6993541666666666	1408	Fixation
0.5401484375	0.6750624999999999	1409	Fixation
0.54234375	0.68084375	1410	Fixation
0.600171875	0.5221458333333333	1419	Fixation
0.602625	0.5196354166666667	1420	Fixation
0.5705703125	0.6938541666666667	1421	Fixation
0.5324609375	0.981875	1445	Fixation
0.532359375	0.98990625	1448	Fixation
0.5505078125	0.9708749999999999	1448	Fixation
0.5182421875000001	0.7068020833333333	1452	Fixation
0.51878125	0.6963020833333334	1453	Fixation
0.5141640625	0.6990104166666666	1453	Fixation
0.5122734375	0.6900104166666666	1454	Fixation
0.5094218749999999	0.6966875	1455	Fixation
0.5211171875	0.7333854166666666	1456	Fixation
0.43753906249999996	0.72303125	1460	Fixation
0.44728124999999996	0.7169791666666666	1461	Fixation
0.44974218749999995	0.7149270833333333	1462	Fixation
0.4794296875	0.7120625	1463	Fixation
0.48215624999999995	0.7058541666666667	1464	Fixation
0.48129687499999996	0.7101145833333333	1465	Fixation
0.348546875	0.5468020833333332	1506	Fixation
0.3313984375	0.5697291666666667	1507	Fixation
0.30967968749999997	0.5578125	1508	Fixation
0.2720546875	0.5665729166666666	1509	Fixation
0.7865703125	0.44771875	1526	Fixation
0.748	0.45978125	1527	Fixation
0.7048046875	0.46859375000000003	1528	Fixation
0.6711640625	0.41419791666666667	1529	Fixation
0.4673984375	0.496625	1533	Fixation
0.4584140625	0.4950833333333333	1534	Fixation
0.450890625	0.45583333333333337	1535	Fixation
0.4333828125	0.4817916666666667	1536	Fixation
0.44136718750000004	0.47390625	1537	Fixation
0.4596640625	0.4501458333333333	1537	Fixation
0.46889843750000004	0.4605416666666667	1538	Fixation
0.363875	0.6476875	1555	Fixation
0.36603906249999996	0.639	1557	Fixation
0.36648437500000003	0.64684375	1557	Fixation
0.3682578125	0.6485625	1558	Fixation
0.458859375	0.7741979166666667	1564	Fixation
0.4684609375	0.7594895833333334	1565	Fixation
0.3525390625	0.8291875	1569	Fixation
0.36928125	0.80578125	1569	Fixation
0.40217187499999996	0.7854270833333333	1570	Fixation
0.42224218750000003	0.7488333333333334	1571	Fixation
0.435515625	0.7255520833333333	1572	Fixation
0.451484375	0.7187395833333333	1573	Fixation
0.42592187499999995	0.7016666666666667	1574	Fixation
0.3984140625	0.6903958333333333	1576	Fixation
0.40896875	0.70090625	1577	Fixation
0.4213359375	0.7125416666666666	1578	Fixation
0.42554687500000005	0.72196875	1578	Fixation
0.5228359375	0.4834375	1581	Fixation
0.5228515625	0.48944791666666665	1581	Fixation
0.5309921875	0.4553333333333333	1582	Fixation
0.515921875	0.49278125	1583	Fixation
0.519640625	0.48040625	1584	Fixation
0.5167109375	0.51275	1584	Fixation
0.609765625	0.71765625	1599	Fixation
0.60384375	0.7393020833333334	1600	Fixation
0.43078125	0.6881145833333334	1602	Fixation
0.43042187500000006	0.6898333333333333	1603	Fixation
0.42884374999999997	0.6764583333333333	1604	Fixation
0.4934609375	0.44885416666666667	1608	Fixation
0.48763281249999996	0.45856250000000004	1609	Fixation
0.5032265625	0.44429166666666664	1612	Fixation
0.509265625	0.44494791666666667	1613	Fixation
0.5014765625	0.48451041666666667	1613	Fixation
0.5095703125	0.4839583333333334	1614	Fixation
0.5697734375	0.5191354166666666	1617	Fixation
0.5696328125	0.4838020833333333	1617	Fixation
0.5628046875	0.532625	1618	Fixation
0.554671875	0.5337916666666668	1619	Fixation
0.5709453124999999	0.5305833333333333	1621	Fixation
0.5547421875	0.49877083333333333	1622	Fixation
0.5490078125	0.4624583333333333	1623	Fixation
0.54415625	0.49571875	1624	Fixation
0.52928125	0.4948229166666666	1624	Fixation
0.523140625	0.48863541666666666	1625	Fixation
0.5299921875	0.5263541666666667	1626	Fixation
0.38975	0.6480312500000001	1631	Fixation
0.3906484375	0.6443541666666667	1632	Fixation
0.4023359375	0.6385625	1633	Fixation
0.40012499999999995	0.6186979166666667	1635	Fixation
0.39823437500000003	0.60621875	1636	Fixation
0.41134375	0.6088125000000001	1637	Fixation
0.40280468750000004	0.5780208333333333	1639	Fixation
0.387203125	0.55640625	1640	Fixation
0.3784453125	0.5403749999999999	1641	Fixation
0.37586718750000003	0.5428541666666666	1641	Fixation
0.6117421875	0.9669895833333333	1657	Fixation
0.6024140625000001	0.9577916666666667	1658	Fixation
0.592734375	0.9727916666666666	1681	Fixation
0.5304765625	0.79671875	1700	Fixation
0.5226953125	0.8379166666666666	1701	Fixation
0.5294453125	0.7793854166666667	1702	Fixation
0.5292421875	0.7836979166666667	1703	Fixation
0.5295234375	0.795	1704	Fixation
0.5210234375	0.77840625	1704	Fixation
0.4962890625	0.7915729166666666	1707	Fixation
0.47990625	0.80621875	1707	Fixation
0.6008828125	0.775125	1710	Fixation
0.5988671875	0.8160104166666666	1711	Fixation
0.57990625	0.7805312499999999	1712	Fixation
0.4097578125	0.9311458333333333	1749	Fixation
0.4071953125	0.9374791666666666	1750	Fixation
0.4731328125	0.9962604166666666	1753	Fixation
0.4952734375	0.9925729166666667	1754	Fixation
0.4379921875	0.8930729166666667	1776	Fixation
0.462125	0.9295520833333334	1777	Fixation
0.49175	0.9268958333333334	1778	Fixation
0.432328125	0.6026458333333333	1804	Fixation
0.44365625	0.6638229166666666	1804	Fixation
0.45335937499999995	0.66840625	1805	Fixation
0.505484375	0.8963020833333334	1815	Fixation
0.46546875	0.8214791666666666	1816	Fixation
0.5059140625	0.6345833333333334	1832	Fixation
0.5071640625	0.6303229166666667	1833	Fixation
0.49924999999999997	0.6139375	1834	Fixation
0.5271250000000001	0.6148541666666667	1836	Fixation
0.5320625	0.5756354166666667	1837	Fixation
0.5295546875	0.6065104166666667	1838	Fixation
0.5329453125	0.5582083333333333	1839	Fixation
0.536390625	0.5732083333333333	1839	Fixation
0.5416640625	0.6242916666666667	1840	Fixation
0.537734375	0.59675	1841	Fixation
0.504859375	0.56340625	1850	Fixation
0.50196875	0.5900312499999999	1851	Fixation
0.506609375	0.5155	1852	Fixation
0.49728125	0.5871666666666666	1853	Fixation
0.5025234375000001	0.5838229166666667	1854	Fixation
0.5056875	0.5964583333333333	1854	Fixation
0.49246093750000003	0.5214583333333334	1857	Fixation
0.49336718749999997	0.5595625	1858	Fixation
0.50253125	0.6768854166666666	1871	Fixation
0.49964062499999995	0.6808229166666667	1871	Fixation
0.498546875	0.6926145833333333	1872	Fixation
0.49682031249999997	0.6881041666666667	1873	Fixation
0.50915625	0.6977916666666667	1875	Fixation
0.5032890625	0.6986145833333333	1876	Fixation
0.5220234375	0.7688124999999999	1893	Fixation
0.514265625	0.7667395833333334	1894	Fixation
0.549265625	0.850125	1920	Fixation
0.528125	0.8022708333333333	1921	Fixation
0.35	0.778125	1929	Fixation
0.3608984375	0.7581875	1929	Fixation
0.367828125	0.7460625000000001	1930	Fixation
0.3695546875	0.8404375000000001	1931	Fixation
0.5731171875000001	0.696	1937	Fixation
0.55515625	0.63075	1938	Fixation
0.5619921875	0.6984166666666667	1939	Fixation
0.557578125	0.6343229166666667	1940	Fixation
0.6148359375	0.5487395833333333	1955	Fixation
0.609171875	0.5689375	1956	Fixation
0.4664921875	0.6955520833333334	1975	Fixation
0.44203125	0.6613541666666667	1976	Fixation
0.41293749999999996	0.9527916666666666	1979	Fixation
0.41428125	0.9322708333333334	1980	Fixation
0.4790859375	0.656	1982	Fixation
0.4827109375	0.6708229166666667	1983	Fixation
0.47975781250000005	0.67953125	1985	Fixation
0.46706250000000005	0.658625	1986	Fixation
0.4673671875	0.6576354166666667	1987	Fixation
0.46116406249999997	0.6513541666666666	1988	Fixation
0.4505078125	0.9744583333333333	1999	Fixation
0.45679687500000005	0.9396458333333333	2000	Fixation
0.4849140625	0.8974479166666666	2014	Fixation
0.5027890625	0.9007083333333333	2015	Fixation
0.3442890625	0.8341354166666667	2038	Fixation
0.366921875	0.8440624999999999	2039	Fixation
0.398953125	0.8571041666666667	2040	Fixation
0.2037109375	0.8379791666666667	2042	Fixation
0.2512109375	0.8661354166666667	2043	Fixation
0.282078125	0.8360520833333334	2044	Fixation
0.5649453125	0.6763125	2054	Fixation
0.5427421875	0.5473125	2055	Fixation
0.5712578125000001	0.9502916666666666	2075	Fixation
0.5310390625	0.7857395833333333	2079	Fixation
0.5344140625	0.7799479166666666	2080	Fixation
0.5402812499999999	0.7965520833333334	2082	Fixation
0.5358828124999999	0.7977291666666667	2083	Fixation
0.5340703125	0.7828229166666667	2083	Fixation
0.43461718749999995	0.8123125000000001	2086	Fixation
0.436421875	0.8512291666666666	2086	Fixation
0.43771875	0.813125	2087	Fixation
0.43939843749999996	0.8398125000000001	2088	Fixation
0.443578125	0.8002395833333333	2089	Fixation
0.44117968750000003	0.80146875	2090	Fixation
0.4398359375	0.8375104166666667	2091	Fixation
0.43707031250000006	0.7429895833333333	2095	Fixation
0.4337109375	0.7625937500000001	2096	Fixation
0.4378828125	0.7758333333333333	2097	Fixation
0.4509921875	0.7727291666666667	2098	Fixation
0.44190625	0.7682812499999999	2100	Fixation
0.447984375	0.7704375	2101	Fixation
0.470015625	0.7820208333333334	2104	Fixation
0.5108828125	0.7806875000000001	2104	Fixation
0.5143203125	0.7555520833333333	2104	Fixation
0.5109843749999999	0.7748958333333333	2109	Fixation
0.5113125000000001	0.7890208333333334	2110	Fixation
0.4675625	0.7835833333333333	2113	Fixation
0.4648203125	0.7850833333333332	2114	Fixation
0.463484375	0.7888750000000001	2117	Fixation
0.4647734375	0.7942916666666666	2118	Fixation
0.458609375	0.7937083333333333	2121	Fixation
0.45269531250000006	0.8042708333333334	2122	Fixation
0.4539140625	0.8000208333333333	2123	Fixation
0.45402343749999996	0.79284375	2125	Fixation
0.46010156249999995	0.81	2126	Fixation
0.4788984375	0.7584062500000001	2133	Fixation
0.467109375	0.7571770833333333	2134	Fixation
0.408359375	0.7827604166666667	2137	Fixation
0.3908359375	0.81003125	2138	Fixation
0.24464843749999998	0.7831666666666667	2161	Fixation
0.2626875	0.7629791666666667	2162	Fixation
0.2671953125	0.7560833333333333	2163	Fixation
0.27849218750000004	0.7410729166666666	2163	Fixation
0.260140625	0.8248645833333333	2169	Fixation
0.28896875	0.8027083333333334	2170	Fixation
0.9545546874999999	0.7777499999999999	2184	Fixation
0.92384375	0.79815625	2184	Fixation
0.885953125	0.8164895833333333	2185	Fixation
0.8477734375000001	0.786125	2186	Fixation
0.8334765624999999	0.8139375	2187	Fixation
0.8107656249999999	0.8121770833333334	2188	Fixation
0.9030078125	0.8392499999999999	2191	Fixation
0.8976171875000001	0.83671875	2191	Fixation
0.870859375	0.83225	2192	Fixation
0.8608281249999999	0.8132604166666667	2193	Fixation
0.8466796875	0.8081666666666667	2194	Fixation
0.8366875	0.80053125	2195	Fixation
0.6996015625	0.8415104166666667	2215	Fixation
0.7009218749999999	0.9082708333333334	2215	Fixation
0.6543203125	0.9009375	2216	Fixation
0.589015625	0.6513020833333333	2224	Fixation
0.58240625	0.6463020833333334	2224	Fixation
0.5956875	0.9308020833333334	2230	Fixation
0.5976874999999999	0.8369791666666667	2231	Fixation
0.703328125	0.993375	2250	Fixation
0.6998125	0.9674270833333334	2251	Fixation
0.6798984375	0.92925	2252	Fixation
0.696265625	0.9565208333333334	2253	Fixation
0.7658359375	0.9987291666666667	2261	Fixation
0.614375	0.9448854166666667	2263	Fixation
0.6168828125	0.94884375	2264	Fixation
0.5200078125	0.9415729166666666	2308	Fixation
0.5153984375	0.9460729166666667	2309	Fixation
0.5090703125	0.8956354166666666	2376	Fixation
0.5276328125	0.9477291666666667	2377	Fixation
0.5302109374999999	0.9599895833333334	2377	Fixation
0.5384609375	0.99684375	2378	Fixation
0.62309375	0.9381041666666667	2384	Fixation
0.6342421875	0.9563854166666667	2384	Fixation
0.630390625	0.9504270833333333	2385	Fixation
0.6184765624999999	0.93459375	2386	Fixation
0.70375	0.6221666666666666	2436	Fixation
0.6265468750000001	0.5129583333333333	2436	Fixation
0.5667109375	0.5100416666666666	2437	Fixation
0.7342187499999999	0.7664583333333332	2440	Fixation
0.6478906249999999	0.5922604166666667	2441	Fixation
0.6357890625	0.6037395833333333	2442	Fixation
0.5990234375	0.5889062500000001	2444	Fixation
0.58846875	0.57959375	2445	Fixation
0.545125	0.60046875	2446	Fixation
0.5321328125	0.5823333333333333	2447	Fixation
0.5220625	0.6900520833333333	2449	Fixation
0.5048984375	0.7304895833333334	2450	Fixation
0.5245234375	0.7134479166666666	2454	Fixation
0.5198828125	0.6573125	2455	Fixation
0.5117578125	0.7153854166666667	2456	Fixation
0.5132734375	0.6669791666666666	2456	Fixation
0.526421875	0.7018749999999999	2457	Fixation
0.5252265625	0.6969583333333333	2458	Fixation
0.5184453125	0.63165625	2459	Fixation
0.5108359375	0.6679375000000001	2461	Fixation
0.5146953125	0.6140416666666667	2462	Fixation
0.51425	0.6049687499999999	2463	Fixation
0.5128203124999999	0.659	2464	Fixation
0.43156249999999996	0.628	2468	Fixation
0.42759375000000005	0.6709999999999999	2469	Fixation
0.45950781249999995	0.6381666666666667	2470	Fixation
0.45961718749999997	0.6717604166666666	2471	Fixation
0.4536171875	0.6603541666666667	2472	Fixation
0.44712500000000005	0.6513958333333334	2472	Fixation
0.4801875	0.6447916666666667	2475	Fixation
0.4802578125	0.6449479166666666	2476	Fixation
0.479796875	0.6446666666666666	2476	Fixation
0.6391640625	0.9825729166666667	2510	Fixation
0.63075	0.992625	2511	Fixation
0.6009453125	0.9014583333333334	2598	Fixation
0.592578125	0.9248125	2599	Fixation
0.6009921874999999	0.9790208333333333	2599	Fixation
0.62596875	0.5818958333333334	2605	Fixation
0.62171875	0.6928333333333333	2606	Fixation
0.6420703125	0.7750625	2607	Fixation
0.6401171875	0.8133541666666667	2608	Fixation
0.6387734375	0.8459895833333333	2609	Fixation
0.4690703125	0.9814895833333334	2619	Fixation
0.43429687499999997	0.9301979166666666	2620	Fixation
0.3465	0.6938333333333334	2646	Fixation
0.3716953125	0.709375	2647	Fixation
0.44954687499999996	0.8397604166666667	2650	Fixation
0.44495312499999995	0.8569375	2650	Fixation
0.55178125	0.82940625	2659	Fixation
0.554453125	0.8405833333333333	2660	Fixation
0.556359375	0.88346875	2661	Fixation
0.486421875	0.8467708333333334	2677	Fixation
0.49068750000000005	0.8305833333333333	2677	Fixation
0.493375	0.8331041666666666	2678	Fixation
0.4998046875	0.824375	2679	Fixation
0.54378125	0.8047083333333334	2703	Fixation
0.5460390625	0.8426666666666667	2704	Fixation
0.5320859375	0.8005104166666667	2704	Fixation
0.5289453125	0.8009791666666667	2705	Fixation
0.530796875	0.8180104166666666	2706	Fixation
0.527625	0.821875	2707	Fixation
0.5251406249999999	0.8361354166666667	2708	Fixation
0.5109140625	0.86703125	2711	Fixation
0.5116640625	0.8707499999999999	2712	Fixation
0.5096015625	0.8978333333333333	2712	Fixation
0.507328125	0.8891979166666667	2714	Fixation
0.504171875	0.9039375	2714	Fixation
0.5068515625	0.9248229166666667	2715	Fixation
0.668828125	0.5610520833333333	2719	Fixation
0.645015625	0.4708645833333333	2720	Fixation
0.6165859375	0.528	2721	Fixation
0.552640625	0.8087604166666666	2725	Fixation
0.5627265625	0.8158124999999999	2726	Fixation
0.58375	0.8530833333333334	2727	Fixation
0.2329921875	0.8686145833333333	2743	Fixation
0.2359375	0.8802083333333334	2744	Fixation
0.24515625000000002	0.8568958333333333	2744	Fixation
0.23196875	0.8635	2745	Fixation
0.9737890625000001	0.6933125	2769	Fixation
0.9612187499999999	0.7224687500000001	2770	Fixation
0.4846640625	0.79625	2804	Fixation
0.488125	0.82221875	2804	Fixation
0.47777343749999995	0.81471875	2805	Fixation
0.4598984375	0.9813124999999999	2812	Fixation
0.461734375	0.9588333333333333	2813	Fixation
0.4579765625	0.9420625	2814	Fixation
0.45569531249999995	0.9686666666666667	2816	Fixation
0.46558593750000005	0.89871875	2817	Fixation
0.47219531249999996	0.9100625	2818	Fixation
0.53625	0.7183645833333333	2826	Fixation
0.5391640625	0.71865625	2827	Fixation
0.40453906249999994	0.9943541666666668	2831	Fixation
0.4113203125	0.9670520833333334	2831	Fixation
0.4715	0.9018020833333333	2836	Fixation
0.4831171875	0.89528125	2837	Fixation
0.614203125	0.98209375	2844	Fixation
0.6182265625000001	0.9829270833333333	2845	Fixation
0.618140625	0.9859791666666666	2846	Fixation
0.6194140625	0.9905520833333333	2846	Fixation
0.43323437499999995	0.7544166666666666	2855	Fixation
0.3747109375	0.7291354166666667	2856	Fixation
0.3904765625	0.8061666666666666	2856	Fixation
0.612140625	0.72821875	2873	Fixation
0.603609375	0.74365625	2874	Fixation
0.59384375	0.7604479166666667	2875	Fixation
0.615125	0.6684583333333334	2877	Fixation
0.6099296875	0.6849375	2878	Fixation
0.603890625	0.6745312499999999	2879	Fixation
0.584671875	0.9575833333333333	2886	Fixation
0.5335625	0.9628333333333334	2904	Fixation
0.5092187499999999	0.9239999999999999	2905	Fixation
0.51365625	0.9668333333333333	3008	Fixation
0.5211875	0.9734375	3009	Fixation
0.5212109375	0.9870104166666667	3024	Fixation
0.4804453125	0.95290625	3043	Fixation
0.48060937499999995	0.9620833333333334	3044	Fixation
0.48842187499999995	0.96321875	3044	Fixation
0.4903359375	0.9885625	3045	Fixation
0.49686718750000003	0.9663541666666667	3052	Fixation
0.50234375	0.9682499999999999	3053	Fixation
0.4997421875	0.9525104166666666	3053	Fixation
0.5111718749999999	0.94934375	3054	Fixation
0.5021328125	0.9445937499999999	3055	Fixation
0.50621875	0.9626979166666667	3056	Fixation
0.510296875	0.93634375	3057	Fixation
0.49975781250000006	0.89715625	3064	Fixation
0.5017890625	0.9020312500000001	3065	Fixation
0.56175	0.9855729166666667	3079	Fixation
0.5529609375	0.9791145833333333	3080	Fixation
0.543390625	0.955375	3081	Fixation
0.245546875	0.7249791666666667	3182	Fixation
0.3038984375	0.72275	3183	Fixation
0.324484375	0.7208333333333333	3184	Fixation
0.273	0.6926458333333334	3185	Fixation
0.55246875	0.8651666666666666	3200	Fixation
0.5545	0.7958958333333332	3201	Fixation
0.5946015625000001	0.9828541666666666	3208	Fixation
0.6005859375	0.9721354166666667	3210	Fixation
0.5266093749999999	0.9850104166666667	3241	Fixation
0.5216015625	0.9546145833333333	3242	Fixation
0.5291718750000001	0.9549166666666667	3243	Fixation
0.47667187499999997	0.7522291666666666	3272	Fixation
0.471578125	0.8374270833333333	3272	Fixation
0.46208593750000004	0.7639270833333334	3273	Fixation
0.4742578125	0.7782604166666667	3282	Fixation
0.50471875	0.7384270833333333	3283	Fixation
0.498359375	0.7873958333333333	3283	Fixation
0.4949609375	0.7805416666666667	3284	Fixation
0.483484375	0.7495833333333334	3285	Fixation
0.45590624999999996	0.77653125	3343	Fixation
0.486296875	0.7880729166666666	3344	Fixation
0.4654140625	0.9172499999999999	3356	Fixation
0.47592968750000003	0.9525833333333333	3357	Fixation
0.5389062499999999	0.9831770833333333	3373	Fixation
0.5347500000000001	0.9396979166666667	3375	Fixation
0.5378203125	0.9155416666666666	3375	Fixation
0.5189140625	0.8698750000000001	3376	Fixation
0.4669140625	0.80353125	3383	Fixation
0.42871875	0.8351770833333333	3384	Fixation
0.56775	0.9230937499999999	3413	Fixation
0.589546875	0.9191979166666666	3414	Fixation
0.4332421875	0.9798125	3429	Fixation
0.41764062500000004	0.9540208333333333	3430	Fixation
0.643640625	0.5997604166666667	3458	Fixation
0.6034921875	0.6514895833333333	3458	Fixation
0.5782578125	0.5813333333333334	3459	Fixation
0.309015625	0.8212604166666666	3471	Fixation
0.35496875	0.8276666666666667	3472	Fixation
0.3177265625	0.8380416666666667	3473	Fixation
0.3087578125	0.8866458333333332	3473	Fixation
0.3126171875	0.89371875	3474	Fixation
0.5081328125	0.91546875	3481	Fixation
0.5050078124999999	0.95128125	3481	Fixation
0.47622656250000006	0.8768854166666666	3504	Fixation
0.47465624999999995	0.8895	3505	Fixation
0.4756484375	0.9381875	3505	Fixation
0.4658828125	0.918125	3506	Fixation
0.4803515625	0.9003125	3507	Fixation
0.48775781250000005	0.864875	3508	Fixation
0.483328125	0.9300729166666667	3509	Fixation
0.5131249999999999	0.8543541666666666	3513	Fixation
0.5201953125000001	0.8815208333333333	3514	Fixation
0.525578125	0.8710520833333334	3515	Fixation
0.4868359375	0.98621875	3839	Fixation
0.48203125	0.9899583333333334	3840	Fixation
0.45646875	0.9035416666666667	3862	Fixation
0.4568203125	0.9043541666666666	3863	Fixation
0.446859375	0.9028854166666667	3865	Fixation
0.43880468749999996	0.9178958333333332	3866	Fixation
0.44103906249999997	0.9129895833333334	3867	Fixation
0.44496874999999997	0.88165625	3868	Fixation
0.4399453125	0.8944583333333332	3881	Fixation
0.436921875	0.8932187500000001	3882	Fixation
0.4376796875	0.8885416666666667	3883	Fixation
0.432421875	0.8720104166666667	3887	Fixation
0.4243359375	0.92359375	3888	Fixation
0.4239921875	0.8810104166666667	3891	Fixation
0.41666406250000004	0.8862291666666666	3892	Fixation
0.41521875	0.8860729166666667	3893	Fixation
0.41819531249999997	0.8915000000000001	3894	Fixation
0.404875	0.9033854166666667	3894	Fixation
0.3982734375	0.8872604166666667	3901	Fixation
0.3979765625	0.8831770833333333	3901	Fixation
0.441875	0.9034895833333334	3924	Fixation
0.4478515625	0.9031666666666667	3925	Fixation
0.44485156249999996	0.8975520833333334	3925	Fixation
0.44517968750000003	0.904	3927	Fixation
0.4515703125	0.9033645833333334	3928	Fixation
0.4499140625	0.9029375000000001	3928	Fixation
0.448625	0.9038958333333333	3929	Fixation
0.45259375	0.9037395833333334	3930	Fixation
0.469703125	0.9633125	4091	Fixation
0.5142578125	0.9491354166666667	4101	Fixation
0.5126640625000001	0.9163229166666667	4102	Fixation
0.504015625	0.9629270833333333	4103	Fixation
0.496125	0.91984375	4107	Fixation
0.4988125	0.9130729166666666	4108	Fixation
0.4966796875	0.9109270833333334	4109	Fixation
0.4940390625	0.9291250000000001	4110	Fixation
0.47642187500000005	0.9253750000000001	4165	Fixation
0.48341406249999996	0.9177604166666666	4166	Fixation
0.46624999999999994	0.9741666666666667	4167	Fixation
0.47273437500000004	0.9071250000000001	4168	Fixation
0.4816328125	0.8963541666666667	4169	Fixation
0.4592421875	0.8806770833333334	4189	Fixation
0.45679687500000005	0.8913125	4190	Fixation
0.4570234375	0.90534375	4190	Fixation
0.47009375000000003	0.9852083333333332	4225	Fixation
0.4709921875	0.9631458333333334	4226	Fixation
0.46391406249999995	0.9768749999999999	4227	Fixation
0.44126562500000005	0.7047291666666666	4268	Fixation
0.45080468749999997	0.6974270833333333	4269	Fixation
0.49175781250000006	0.7027812499999999	4269	Fixation
0.511453125	0.63175	4293	Fixation
0.5114375	0.630375	4293	Fixation
0.5102890625	0.6293645833333333	4294	Fixation
0.55271875	0.7223020833333333	4296	Fixation
0.551609375	0.7194791666666667	4297	Fixation
0.5472890625	0.68853125	4298	Fixation
0.48567968749999996	0.6490416666666667	4307	Fixation
0.501359375	0.5788541666666667	4308	Fixation
0.49210937499999996	0.6255729166666666	4308	Fixation
0.49252343749999994	0.6250104166666667	4309	Fixation
0.49784375000000003	0.6371249999999999	4312	Fixation
0.4995078125	0.5975104166666667	4313	Fixation
0.5183671875	0.6661354166666666	4315	Fixation
0.5143359375000001	0.6662395833333333	4316	Fixation
0.5182265625	0.6660104166666667	4316	Fixation
0.520609375	0.6381041666666667	4317	Fixation
0.5706249999999999	0.60875	4324	Fixation
0.5611796874999999	0.6035729166666666	4324	Fixation
0.544046875	0.612625	4329	Fixation
0.542890625	0.62728125	4330	Fixation
0.537578125	0.6354062500000001	4331	Fixation
0.5360859375	0.6357083333333333	4332	Fixation
0.4585078125	0.6768958333333334	4334	Fixation
0.46571093750000003	0.6559791666666667	4335	Fixation
0.46256250000000004	0.68171875	4336	Fixation
0.4358671875	0.6798645833333333	4338	Fixation
0.43830468749999996	0.6859479166666667	4339	Fixation
0.5879375	0.7377916666666666	4358	Fixation
0.590421875	0.7456145833333333	4359	Fixation
0.585125	0.7344270833333333	4359	Fixation
0.5839375	0.7346354166666667	4360	Fixation
0.583890625	0.7341145833333333	4361	Fixation
0.6232031250000001	0.7775104166666666	4365	Fixation
0.623875	0.7506666666666667	4366	Fixation
0.6511796875	0.7738541666666666	4370	Fixation
0.6519999999999999	0.7704062500000001	4371	Fixation
0.649234375	0.7424999999999999	4371	Fixation
0.644484375	0.7417083333333333	4372	Fixation
0.6466171875	0.7353854166666667	4373	Fixation
0.6825859375000001	0.7541145833333334	4376	Fixation
0.67925	0.72940625	4376	Fixation
0.696875	0.7583020833333334	4379	Fixation
0.7095859375	0.7686770833333333	4379	Fixation
0.7161015625	0.80653125	4380	Fixation
0.7171875	0.8069270833333333	4381	Fixation
0.5786718750000001	0.7073020833333333	4429	Fixation
0.557078125	0.6736354166666667	4430	Fixation
0.4853203125	0.7270625000000001	4433	Fixation
0.45620312500000004	0.7145729166666667	4434	Fixation
0.28904687500000004	0.6931458333333332	4438	Fixation
0.2866875	0.68125	4439	Fixation
0.2864375	0.68190625	4439	Fixation
0.4828671875	0.9966875000000001	4605	Fixation
0.483328125	0.9924583333333333	4625	Fixation
0.463953125	0.9583645833333333	4708	Fixation
0.466484375	0.9580833333333333	4709	Fixation
0.4658125	0.94965625	4709	Fixation
0.46378125	0.9494479166666667	4720	Fixation
0.4726875	0.9810625000000001	4746	Fixation
0.475078125	0.9575208333333334	4748	Fixation
0.47380468750000004	0.9826875	4813	Fixation
0.46791406249999995	0.9955208333333334	4833	Fixation
0.4708203125	0.9829166666666667	4834	Fixation
0.6200859375000001	0.92640625	4903	Fixation
0.6232031250000001	0.9631666666666666	4903	Fixation
0.3425625	0.8342291666666667	4967	Fixation
0.36941406250000003	0.8361770833333334	4968	Fixation
0.381375	0.8451979166666667	4969	Fixation
0.381984375	0.8780312499999999	4970	Fixation
0.3789296875	0.9224479166666666	4970	Fixation
0.46252343749999997	0.9132291666666668	4983	Fixation
0.47752343750000004	0.9192187500000001	4984	Fixation
0.4966640625	0.94434375	4985	Fixation
0.5231640625	0.95940625	4986	Fixation
0.117296875	0.4967916666666667	4994	Fixation
0.1993671875	0.5213958333333334	4995	Fixation
0.270625	0.5279375	4996	Fixation
0.507375	0.77478125	5029	Fixation
0.5057343750000001	0.7845	5029	Fixation
0.509015625	0.77146875	5030	Fixation
0.5038671875	0.7813854166666666	5031	Fixation
0.5059765625	0.7833020833333334	5032	Fixation
0.4997109375	0.9111041666666666	5039	Fixation
0.48560156250000003	0.9564687500000001	5040	Fixation
0.50475	0.9851666666666666	5044	Fixation
0.4265390625	0.6237708333333334	5062	Fixation
0.4348671875	0.6572291666666668	5063	Fixation
0.442953125	0.6479270833333334	5064	Fixation
0.45275	0.5793750000000001	5066	Fixation
0.45285156249999997	0.5967604166666667	5067	Fixation
0.45446093750000005	0.6097291666666667	5069	Fixation
0.4610625	0.605375	5070	Fixation
0.5061953124999999	0.64353125	5075	Fixation
0.5088984375	0.59528125	5076	Fixation
0.5221015625	0.6642083333333333	5080	Fixation
0.5200781250000001	0.5843125	5081	Fixation
0.49586718750000003	0.5720833333333334	5081	Fixation
0.487625	0.5892708333333334	5086	Fixation
0.462171875	0.57996875	5087	Fixation
0.42736718749999997	0.70946875	5090	Fixation
0.42525781250000005	0.7132916666666667	5091	Fixation
0.42514062499999994	0.7489791666666666	5121	Fixation
0.43382812499999995	0.7591458333333333	5122	Fixation
0.43339062500000003	0.769625	5123	Fixation
0.4396640625	0.771	5125	Fixation
0.44916406249999996	0.77090625	5126	Fixation
0.477640625	0.7662187500000001	5128	Fixation
0.48184375	0.7876666666666666	5129	Fixation
0.4800625	0.7900729166666667	5143	Fixation
0.48999218750000006	0.7804270833333333	5144	Fixation
0.493359375	0.7779479166666667	5145	Fixation
0.5131484375	0.7886875	5145	Fixation
0.5219453125	0.7867708333333333	5146	Fixation
0.57659375	0.7993854166666666	5157	Fixation
0.5929140625	0.80234375	5158	Fixation
0.597734375	0.80575	5159	Fixation
0.60575	0.7923125	5161	Fixation
0.6013203125000001	0.7926875	5162	Fixation
0.5962421875	0.7917291666666666	5163	Fixation
0.593453125	0.7907604166666666	5164	Fixation
0.6580859375	0.7652187500000001	5177	Fixation
0.6536328124999999	0.7573854166666667	5178	Fixation
0.6521484375	0.7563333333333334	5179	Fixation
0.6650390625	0.7991145833333333	5180	Fixation
0.46050781250000006	0.6355104166666667	5185	Fixation
0.471375	0.6467708333333333	5186	Fixation
0.54515625	0.7489583333333333	5197	Fixation
0.5362578124999999	0.7489270833333334	5198	Fixation
0.5741953125	0.7675729166666667	5199	Fixation
0.43764843750000004	0.7849270833333333	5266	Fixation
0.442703125	0.7989270833333334	5266	Fixation
0.3669921875	0.9013854166666667	5269	Fixation
0.3698046875	0.91659375	5270	Fixation
0.3774765625	0.90934375	5271	Fixation
0.430359375	0.861	5274	Fixation
0.4359296875	0.8493958333333332	5275	Fixation
0.4636875	0.9342916666666666	5361	Fixation
0.46860937500000005	0.9666770833333334	5362	Fixation
0.47059375000000003	0.9409583333333333	5362	Fixation
0.68484375	0.8452395833333333	5541	Fixation
0.6266328125	0.7139687499999999	5542	Fixation
0.6021171875	0.67075	5543	Fixation
0.26375000000000004	0.8893749999999999	5594	Fixation
0.30057812500000003	0.9047395833333333	5595	Fixation
0.40330468750000004	0.8102291666666667	5657	Fixation
0.402828125	0.8593541666666666	5658	Fixation
0.41451562500000005	0.8188958333333333	5659	Fixation
0.418921875	0.8321979166666666	5659	Fixation
0.432140625	0.8227604166666667	5660	Fixation
0.527765625	0.8619895833333333	5673	Fixation
0.49008593749999996	0.7866979166666667	5674	Fixation
0.4594765625	0.8371354166666667	5682	Fixation
0.44592968749999995	0.8268541666666667	5683	Fixation
0.4495078125	0.8063541666666667	5683	Fixation
0.45271875	0.7976041666666667	5684	Fixation
0.4399375	0.8093229166666667	5685	Fixation
0.48110156249999997	0.6101979166666667	5698	Fixation
0.48440625	0.7793333333333333	5699	Fixation
0.50221875	0.7316145833333334	5699	Fixation
0.48478125	0.7422187499999999	5702	Fixation
0.48784375	0.7394166666666667	5702	Fixation
0.52446875	0.7396666666666667	5705	Fixation
0.5221796875	0.7412291666666667	5706	Fixation
0.5621640625000001	0.7198958333333334	5713	Fixation
0.5580390625	0.71409375	5714	Fixation
0.56096875	0.7127395833333333	5714	Fixation
0.57925	0.7432395833333333	5715	Fixation
0.4040078125	0.7469687500000001	5719	Fixation
0.46627343750000005	0.7455312500000001	5720	Fixation
0.4177578125	0.73328125	5721	Fixation
0.4291171875	0.7567708333333333	5722	Fixation
0.46344531250000004	0.7265104166666667	5725	Fixation
0.47887500000000005	0.7575104166666667	5726	Fixation
0.478390625	0.74140625	5726	Fixation
0.45814062499999997	0.7319895833333334	5727	Fixation
0.459640625	0.7304583333333333	5728	Fixation
0.50428125	0.7574895833333334	5737	Fixation
0.506859375	0.7570937499999999	5738	Fixation
0.5071796875000001	0.74109375	5738	Fixation
0.4383515625	0.7464062499999999	5741	Fixation
0.44021875	0.7406354166666667	5742	Fixation
0.4413984375	0.727375	5743	Fixation
0.4609609375	0.7419270833333333	5746	Fixation
0.4577265625	0.7295833333333334	5746	Fixation
0.45053124999999994	0.7231041666666667	5748	Fixation
0.446875	0.7285208333333333	5749	Fixation
0.477546875	0.7337812499999999	5751	Fixation
0.45270312500000004	0.73621875	5752	Fixation
0.4743515625	0.7613020833333334	5753	Fixation
0.5213046875	0.60625	5800	Fixation
0.5206640625000001	0.5816145833333334	5801	Fixation
0.4158046875	0.9148645833333333	5814	Fixation
0.4191328125	0.93075	5815	Fixation
0.41038281249999997	0.9290729166666666	5816	Fixation
0.49594531249999996	0.93475	5818	Fixation
0.48839062499999997	0.9090520833333334	5819	Fixation
0.489515625	0.9400520833333333	5820	Fixation
0.48763281249999996	0.9123020833333333	5821	Fixation
0.490234375	0.9554479166666667	5821	Fixation
0.218515625	0.7714375	5828	Fixation
0.226703125	0.7492708333333333	5828	Fixation
0.2270546875	0.7205729166666667	5829	Fixation
0.431953125	0.9881770833333333	5834	Fixation
0.440875	0.9691354166666667	5835	Fixation
0.571984375	0.9446666666666667	5843	Fixation
0.6045546875000001	0.9134375	5844	Fixation
0.0741484375	0.81003125	5856	Fixation
0.0636875	0.8160000000000001	5857	Fixation
0.096109375	0.7926145833333333	5857	Fixation
0.106125	0.7788333333333333	5858	Fixation
0.13864062500000002	0.7552604166666667	5859	Fixation
0.1588046875	0.7381875	5860	Fixation
0.174078125	0.7260729166666666	5861	Fixation
0.46394531250000004	0.9694583333333333	5994	Fixation
0.4389453125	0.9220729166666667	5995	Fixation
0.48471875000000003	0.9303541666666667	5999	Fixation
0.6277578125	0.9748645833333334	6025	Fixation
0.6276875000000001	0.9825208333333334	6026	Fixation
0.41676562500000003	0.8901249999999999	6066	Fixation
0.4283125	0.8131354166666667	6067	Fixation
0.5092187499999999	0.9796250000000001	6090	Fixation
0.5095468750000001	0.99009375	6090	Fixation
0.756609375	0.9426354166666666	6094	Fixation
0.7381796875	0.9851145833333333	6095	Fixation
0.71603125	0.9989270833333334	6095	Fixation
0.6736796875	0.9839687500000001	6096	Fixation
0.6432421875000001	0.9930208333333332	6097	Fixation
0.8197578125	0.9056041666666667	6099	Fixation
0.7844296875000001	0.87659375	6100	Fixation
0.7503124999999999	0.8766145833333333	6101	Fixation
0.729484375	0.8746562499999999	6102	Fixation
0.669109375	0.91196875	6104	Fixation
0.654203125	0.8882395833333334	6105	Fixation
0.5051640625	0.9755416666666666	6157	Fixation
0.5121484374999999	0.9750833333333334	6158	Fixation
0.5124453124999999	0.9873125	6158	Fixation
0.5084921875	0.9799895833333333	6159	Fixation
0.6207265625	0.9135729166666666	6486	Fixation
0.6085703125	0.85775	6487	Fixation
0.5857812499999999	0.75459375	6487	Fixation
0.4909921875	0.96315625	6507	Fixation
0.49513281249999996	0.95953125	6507	Fixation
0.4966796875	0.9637291666666666	6509	Fixation
0.505484375	0.94678125	6511	Fixation
0.513046875	0.9443750000000001	6512	Fixation
0.5169609375	0.9916979166666666	6513	Fixation
0.40396093750000006	0.8171458333333333	6527	Fixation
0.40909375	0.8027916666666666	6528	Fixation
0.40635937499999997	0.80334375	6529	Fixation
0.4035	0.9590104166666666	6537	Fixation
0.4001953125	0.9984375	6538	Fixation
0.313890625	0.6310520833333333	6610	Fixation
0.342859375	0.6454270833333333	6611	Fixation
0.3944375	0.7785937500000001	6620	Fixation
0.40065625000000005	0.7546979166666666	6621	Fixation
0.37582031250000003	0.9883541666666668	6679	Fixation
0.3643125	0.9980104166666667	6680	Fixation
0.44739843749999997	0.918625	6765	Fixation
0.4522734375	0.9766458333333333	6766	Fixation
0.4704921875	0.9639479166666667	6900	Fixation
0.47242187500000005	0.9753437500000001	6901	Fixation
0.4672109375	0.95203125	6910	Fixation
0.47388281250000003	0.951125	6911	Fixation
0.7470078124999999	0.9353645833333334	6997	Fixation
0.7326484375	0.9258541666666668	6998	Fixation
0.489140625	0.9970625	7022	Fixation
0.47984375	0.9846354166666667	7024	Fixation
0.6206796875	0.9981770833333333	7101	Fixation
0.595890625	0.9724583333333333	7102	Fixation
0.5558828124999999	0.9759895833333334	7104	Fixation
0.5494687500000001	0.9957812500000001	7104	Fixation
0.5504140625	0.9799583333333334	7105	Fixation
0.239953125	0.6696770833333333	7126	Fixation
0.276453125	0.6941145833333333	7127	Fixation
0.30396875	0.7283958333333334	7127	Fixation
0.4738203125	0.5987395833333333	7138	Fixation
0.4625703125	0.6848958333333334	7139	Fixation
0.4766875	0.6016666666666667	7140	Fixation
0.555734375	0.86853125	7161	Fixation
0.5277265625	0.7422604166666668	7162	Fixation
0.48421875	0.7683958333333333	7214	Fixation
0.481734375	0.76946875	7215	Fixation
0.48165625	0.7646458333333332	7215	Fixation
0.46278125000000003	0.7860729166666667	7216	Fixation
0.45827343750000005	0.7654583333333334	7217	Fixation
0.442828125	0.76253125	7219	Fixation
0.4409296875	0.76578125	7220	Fixation
0.43849218749999996	0.7698958333333333	7221	Fixation
0.4317578125	0.7702604166666667	7222	Fixation
0.6869375	0.9816145833333334	7259	Fixation
0.6574140625	0.9508645833333333	7259	Fixation
0.645390625	0.8975416666666667	7260	Fixation
0.6573515624999999	0.9668125	7261	Fixation
0.65178125	0.9613125	7262	Fixation
0.49415624999999996	0.9947083333333333	7388	Fixation
0.6234765624999999	0.9436145833333334	7499	Fixation
0.6073125	0.94575	7500	Fixation
0.598703125	0.9107187499999999	7501	Fixation
0.5954296875	0.92265625	7501	Fixation
0.5914921875	0.90046875	7502	Fixation
0.6146796875	0.9107083333333333	7543	Fixation
0.605078125	0.9161770833333333	7544	Fixation
0.5979765625	0.9111354166666668	7544	Fixation
0.5983359375	0.9205208333333333	7545	Fixation
0.4773203125	0.94253125	7571	Fixation
0.47270312499999995	0.9632604166666667	7571	Fixation
0.52046875	0.9702708333333334	7579	Fixation
0.50078125	0.9734375	7579	Fixation
0.6079375	0.9305	7608	Fixation
0.602046875	0.9307083333333334	7609	Fixation
0.5956640625	0.9351354166666667	7610	Fixation
0.5572265625	0.9931354166666666	7630	Fixation
0.5598671875	0.9816041666666667	7631	Fixation
0.5906328125	0.9436770833333333	7634	Fixation
0.6126015625	0.99746875	7634	Fixation
0.7208828125	0.9055104166666667	7650	Fixation
0.6844921875	0.8955208333333334	7651	Fixation
0.6473359375000001	0.916125	7652	Fixation
0.6356640625	0.8906562499999999	7653	Fixation
0.5333359375	0.8808020833333334	7817	Fixation
0.537203125	0.8925208333333334	7818	Fixation
0.5389921875	0.8923020833333334	7818	Fixation
0.53071875	0.9814375	7824	Fixation
0.5601015625	0.9614583333333333	7825	Fixation
0.43184374999999997	0.5162083333333334	7856	Fixation
0.43911718750000006	0.5251041666666667	7857	Fixation
0.549671875	0.9115104166666667	7864	Fixation
0.5706562500000001	0.9420833333333333	7865	Fixation
0.45638281249999996	0.8792916666666667	7891	Fixation
0.4506640625	0.8516666666666667	7892	Fixation
0.4827109375	0.8485520833333333	7899	Fixation
0.48376562500000003	0.8410937500000001	7900	Fixation
0.572078125	0.54409375	7905	Fixation
0.574796875	0.5450833333333333	7906	Fixation
0.5360078125000001	0.7741458333333333	7907	Fixation
0.41969531250000003	0.8251041666666666	7914	Fixation
0.42006249999999995	0.8505104166666667	7915	Fixation
0.4204296875	0.8496770833333334	7916	Fixation
0.42848437500000003	0.8265729166666667	7916	Fixation
0.4302890625	0.8495833333333334	7917	Fixation
0.438828125	0.8335729166666667	7918	Fixation
0.4310390625	0.8246979166666667	7919	Fixation
0.4571171875	0.8118541666666667	7925	Fixation
0.45503125000000005	0.8158333333333334	7926	Fixation
0.43970312500000003	0.7909583333333334	7928	Fixation
0.43667187500000004	0.7994791666666666	7929	Fixation
0.4380625	0.7815	7930	Fixation
0.4379140625	0.7711770833333333	7931	Fixation
0.446390625	0.7708437499999999	7931	Fixation
0.4653359375	0.7671145833333333	7932	Fixation
0.4955546875	0.76428125	7933	Fixation
0.43910937499999997	0.77096875	7936	Fixation
0.4381015625	0.7766770833333333	7937	Fixation
0.4389140625	0.729125	7940	Fixation
0.4298046875	0.6977083333333333	7940	Fixation
0.43093750000000003	0.6402083333333334	7941	Fixation
0.5751875	0.46992708333333333	7948	Fixation
0.5904765624999999	0.5135625	7948	Fixation
0.6134453125	0.47363541666666664	7949	Fixation
0.6181328125000001	0.4697604166666667	7950	Fixation
0.635484375	0.45526041666666667	7951	Fixation
0.4171796875	0.73665625	7984	Fixation
0.4183515625	0.74115625	7985	Fixation
0.40661718750000003	0.7492291666666666	7986	Fixation
0.3915625	0.7742708333333332	7987	Fixation
0.5809453125	0.4979270833333333	8052	Fixation
0.587796875	0.4795520833333333	8053	Fixation
0.5767890625	0.4905833333333333	8054	Fixation
0.5625390625	0.4823854166666666	8055	Fixation
0.5556328125000001	0.5075833333333333	8055	Fixation
0.54509375	0.5112708333333333	8056	Fixation
0.530921875	0.5206145833333333	8057	Fixation
0.5188906249999999	0.5950624999999999	8058	Fixation
0.4581640625	0.5397395833333333	8068	Fixation
0.43827343750000003	0.51575	8069	Fixation
0.4628046875	0.8528541666666667	8078	Fixation
0.5205859375	0.9410208333333333	8217	Fixation
0.5112890625000001	0.99265625	8217	Fixation
0.5026640625	0.9418124999999999	8218	Fixation
0.49378124999999995	0.9035624999999999	8219	Fixation
0.48599218750000006	0.91434375	8220	Fixation
0.49068750000000005	0.8767291666666667	8225	Fixation
0.4904921875	0.88009375	8225	Fixation
0.5130078124999999	0.8033020833333333	8228	Fixation
0.5168828125	0.8049895833333333	8228	Fixation
0.4984375	0.8319583333333332	8229	Fixation
0.5157421875	0.7951979166666666	8232	Fixation
0.5127890625	0.8600729166666666	8233	Fixation
0.48410937499999995	0.8376354166666666	8233	Fixation
0.48403124999999997	0.8220729166666667	8234	Fixation
0.5033046875	0.7798333333333333	8235	Fixation
0.5059609375	0.7811770833333332	8236	Fixation
0.508625	0.7742916666666667	8238	Fixation
0.5104062500000001	0.7693229166666666	8239	Fixation
0.5133281249999999	0.7740208333333333	8240	Fixation
0.5151875	0.7743020833333334	8240	Fixation
0.5135234375	0.774125	8241	Fixation
0.517046875	0.771375	8243	Fixation
0.5159140625	0.7692083333333334	8244	Fixation
0.5215468750000001	0.7764166666666666	8245	Fixation
0.48325781250000005	0.7923541666666666	8247	Fixation
0.5222890625	0.7843125000000001	8248	Fixation
0.47634375	0.8082291666666667	8248	Fixation
0.471171875	0.8586145833333333	8249	Fixation
0.45716406249999997	0.8621458333333333	8250	Fixation
0.5230546875	0.9636875	8258	Fixation
0.5447578125	0.8567187500000001	8315	Fixation
0.5470234375	0.8613854166666666	8316	Fixation
0.4900390625	0.8667916666666666	8322	Fixation
0.49282031249999997	0.8237708333333333	8323	Fixation
0.49124999999999996	0.8320729166666666	8324	Fixation
0.4997421875	0.8393854166666667	8326	Fixation
0.5033515625	0.8514895833333332	8327	Fixation
0.5064062500000001	0.8538333333333333	8328	Fixation
0.512390625	0.8575104166666667	8328	Fixation
0.52096875	0.8663333333333333	8329	Fixation
0.523203125	0.8658125	8330	Fixation
0.523171875	0.8653854166666667	8331	Fixation
0.5551796875	0.8522395833333333	8365	Fixation
0.5476171875	0.8492291666666667	8366	Fixation
0.59484375	0.9457916666666667	8450	Fixation
0.601671875	0.9513541666666666	8451	Fixation
0.566171875	0.9143854166666666	8584	Fixation
0.5664374999999999	0.9412187500000001	8585	Fixation
0.5610937500000001	0.9880416666666666	8597	Fixation
0.5607578125	0.97725	8597	Fixation
0.565546875	0.9868125	8598	Fixation
0.5298671875000001	0.9761770833333333	8599	Fixation
0.5575234375	0.99425	8643	Fixation
0.558796875	0.99171875	8644	Fixation
0.6186171875	0.9638333333333333	8977	Fixation
0.597453125	0.9481979166666666	8978	Fixation
0.586140625	0.9567187500000001	8979	Fixation
0.4448046875	0.8176666666666667	9007	Fixation
0.44739843749999997	0.8301875	9008	Fixation
0.44885937499999995	0.8142604166666667	9008	Fixation
0.5059765625	0.44363541666666667	9038	Fixation
0.497140625	0.472875	9039	Fixation
0.48433593750000004	0.5728333333333333	9040	Fixation
0.5918046875	0.7234999999999999	9057	Fixation
0.590859375	0.7230729166666666	9058	Fixation
0.406921875	0.8451770833333333	9073	Fixation
0.4247109375	0.8463229166666667	9074	Fixation
0.44059375	0.8389791666666666	9075	Fixation
0.44123437499999996	0.8635416666666667	9075	Fixation
0.447234375	0.85890625	9076	Fixation
0.46321874999999996	0.8429583333333334	9077	Fixation
0.4676796875	0.8360625	9078	Fixation
0.4473359375	0.78240625	9078	Fixation
0.2909609375	0.9835208333333333	9083	Fixation
0.316453125	0.9318541666666668	9084	Fixation
0.330671875	0.9163020833333333	9084	Fixation
0.4716484375	0.6742395833333333	9097	Fixation
0.48492968750000004	0.6907395833333333	9098	Fixation
0.4899140625	0.678125	9100	Fixation
0.4957109375	0.6779583333333333	9101	Fixation
0.49878125000000006	0.68440625	9102	Fixation
0.494515625	0.68740625	9103	Fixation
0.48801562499999995	0.6741458333333333	9105	Fixation
0.4897890625	0.6752916666666666	9106	Fixation
0.4935703125	0.7334791666666667	9107	Fixation
0.5497421874999999	0.790875	9117	Fixation
0.5621484375	0.8033229166666668	9118	Fixation
0.5638203125000001	0.81528125	9119	Fixation
0.5333828125	0.77228125	9134	Fixation
0.53434375	0.7673020833333334	9135	Fixation
0.5277265625	0.7879895833333334	9135	Fixation
0.5356171875	0.76678125	9136	Fixation
0.5323359375	0.7706145833333333	9137	Fixation
0.5289140625	0.7714166666666666	9138	Fixation
0.529828125	0.7692916666666666	9139	Fixation
0.48825	0.75990625	9160	Fixation
0.4936953125	0.765625	9161	Fixation
0.4968828125	0.7699270833333334	9162	Fixation
0.4976640625	0.7788541666666667	9163	Fixation
0.494046875	0.7754895833333334	9164	Fixation
0.495625	0.7706666666666667	9164	Fixation
0.5612734374999999	0.5904270833333333	9179	Fixation
0.56825	0.5966458333333333	9180	Fixation
0.5708046875	0.57234375	9182	Fixation
0.5324609375	0.5685729166666668	9183	Fixation
0.703234375	0.9906770833333333	9197	Fixation
0.5798125	0.6252083333333334	9210	Fixation
0.5632890625	0.7462291666666666	9210	Fixation
0.4192265625	0.6699479166666666	9303	Fixation
0.4293828125	0.6694375	9304	Fixation
0.42633593750000004	0.6502604166666667	9305	Fixation
0.4741640625	0.71975	9317	Fixation
0.47966406250000004	0.7533020833333333	9318	Fixation
0.47667187499999997	0.7077604166666667	9319	Fixation
0.6117343749999999	0.6730625	9368	Fixation
0.6022890624999999	0.6762291666666667	9369	Fixation
0.5109843749999999	0.8083229166666667	9373	Fixation
0.5004453125	0.67978125	9374	Fixation
0.4885390625	0.7729583333333333	9375	Fixation
0.4762578125	0.9844375	9384	Fixation
0.5128828125	0.9392916666666667	9392	Fixation
0.5165625	0.9586458333333333	9393	Fixation
0.519171875	0.9620520833333334	9393	Fixation
0.5181015625	0.9305520833333334	9394	Fixation
0.5310625	0.9791666666666666	9395	Fixation
0.6173984375	0.99071875	9503	Fixation
0.5907734375	0.97828125	9504	Fixation
0.5746796875	0.9311666666666666	9505	Fixation
0.5869296875	0.96190625	9505	Fixation
0.5984921875	0.99584375	9506	Fixation
0.094875	0.5394375	9510	Fixation
0.029218749999999998	0.5795729166666667	9510	Fixation
0.36257812500000003	0.6565729166666666	9517	Fixation
0.3937890625	0.5896041666666666	9518	Fixation
0.393125	0.6901354166666667	9519	Fixation
0.48746875	0.5301041666666666	9527	Fixation
0.46800781249999995	0.77109375	9528	Fixation
0.4646875	0.794125	9528	Fixation
0.35928125	0.8283229166666667	9530	Fixation
0.3643125	0.8213229166666667	9531	Fixation
0.34909375	0.8612291666666666	9532	Fixation
0.29205468749999997	0.96709375	9535	Fixation
0.2876328125	0.9797499999999999	9536	Fixation
0.27833593749999996	0.9972916666666667	9536	Fixation
0.48052343750000004	0.6011979166666667	9567	Fixation
0.4739375	0.6207395833333333	9568	Fixation
0.5613125	0.9672708333333334	9598	Fixation
0.566515625	0.9919583333333333	9602	Fixation
0.620265625	0.9955729166666667	9616	Fixation
0.6093203125	0.9523541666666666	9617	Fixation
0.610953125	0.9396770833333333	9618	Fixation
0.646953125	0.9226666666666666	9657	Fixation
0.6664140625	0.9778541666666667	9658	Fixation
0.6386953125	0.6618020833333333	9668	Fixation
0.643140625	0.6079583333333333	9669	Fixation
0.6483046875	0.5381145833333334	9669	Fixation
0.6461953125	0.5405208333333333	9670	Fixation
0.6349453125	0.5689895833333334	9674	Fixation
0.6335390624999999	0.5504479166666666	9675	Fixation
0.636421875	0.5481145833333334	9675	Fixation
0.63121875	0.5314895833333334	9676	Fixation
0.6201796875000001	0.88334375	9711	Fixation
0.6258984375	0.8945208333333333	9712	Fixation
0.660078125	0.9406145833333334	9715	Fixation
0.6538984375	0.9527083333333334	9716	Fixation
0.6537734375	0.9437083333333334	9717	Fixation
0.64653125	0.9226041666666667	9719	Fixation
0.6481250000000001	0.930125	9720	Fixation
0.646875	0.9225520833333333	9721	Fixation
0.0384140625	0.8872812499999999	9845	Fixation
0.1332421875	0.9243333333333333	9845	Fixation
0.2047421875	0.9149999999999999	9846	Fixation
0.23597656250000001	0.9056354166666666	9847	Fixation
0.54553125	0.7356354166666667	9884	Fixation
0.617453125	0.72753125	9885	Fixation
0.51796875	0.52165625	9891	Fixation
0.51459375	0.5249270833333334	9892	Fixation
0.5132109375	0.4953125	9893	Fixation
0.50465625	0.5177604166666667	9894	Fixation
0.5360234375	0.80640625	9957	Fixation
0.5447109375	0.8045833333333333	9958	Fixation
0.46775781250000004	0.8927812500000001	9971	Fixation
0.463609375	0.8111458333333333	9972	Fixation
0.45053124999999994	0.86315625	9993	Fixation
0.4507578125	0.868375	9994	Fixation
0.48059375	0.86146875	9995	Fixation
0.45657812499999995	0.885375	9995	Fixation
0.456265625	0.8866458333333332	9996	Fixation
0.46015625	0.9058333333333334	9997	Fixation
0.570015625	0.9516458333333334	10196	Fixation
0.5610390625	0.9478125	10196	Fixation
0.5499140625	0.9534166666666667	10197	Fixation
0.4693359375	0.9298645833333333	10262	Fixation
0.4814453125	0.9056145833333333	10263	Fixation
0.48296875000000006	0.9054895833333333	10264	Fixation
0.48303906249999995	0.9760000000000001	10268	Fixation
0.48864843750000003	0.9276145833333334	10273	Fixation
0.46640625	0.9543229166666667	10274	Fixation
0.48061718750000004	0.9411979166666666	10278	Fixation
0.504359375	0.9456249999999999	10380	Fixation
0.5019375	0.96953125	10381	Fixation
0.49837499999999996	0.9351354166666667	10382	Fixation
0.55696875	0.97378125	10392	Fixation
0.5386953125	0.9596354166666666	10393	Fixation
0.550390625	0.9681354166666666	10394	Fixation
0.33894531250000004	0.61221875	10454	Fixation
0.3882890625	0.5848333333333334	10455	Fixation
0.416234375	0.529125	10456	Fixation
0.44422656250000003	0.7498645833333334	10464	Fixation
0.443765625	0.6779895833333334	10465	Fixation
0.662203125	0.8842291666666667	10479	Fixation
0.6626015625	0.8995416666666666	10480	Fixation
0.64896875	0.8984166666666666	10481	Fixation
0.6511328125	0.8962708333333332	10482	Fixation
0.6470078125	0.8896354166666666	10482	Fixation
0.5991953125	0.9092708333333334	10487	Fixation
0.5931640625	0.8946458333333334	10488	Fixation
0.5805703125	0.9195729166666666	10489	Fixation
0.591234375	0.9261041666666666	10489	Fixation
0.632953125	0.9843125	10526	Fixation
0.1823984375	0.7346979166666666	10606	Fixation
0.22746875000000003	0.7388229166666667	10607	Fixation
0.24202343750000002	0.72984375	10608	Fixation
0.9218359375	0.8529583333333334	10612	Fixation
0.8534296875	0.9033958333333333	10613	Fixation
0.6841015625	0.8561666666666666	10616	Fixation
0.6575703125000001	0.8672187499999999	10617	Fixation
0.63953125	0.8857395833333332	10617	Fixation
0.47947656250000004	0.9526249999999999	10736	Fixation
0.4755859375	0.9238333333333333	10737	Fixation
0.4667265625	0.9442083333333334	10738	Fixation
0.56078125	0.9530416666666667	10819	Fixation
0.5682031249999999	0.9331145833333333	10820	Fixation
0.39925781250000003	0.8456145833333333	10845	Fixation
0.4102265625	0.8621458333333333	10846	Fixation
0.2890234375	0.49094791666666665	10879	Fixation
0.299734375	0.5408854166666667	10880	Fixation
0.3140390625	0.5440833333333334	10881	Fixation
0.364296875	0.6724583333333333	10884	Fixation
0.37239062500000003	0.6636041666666667	10885	Fixation
0.713	0.9171979166666666	10936	Fixation
0.6930703125	0.91878125	10937	Fixation
0.6740703124999999	0.93634375	10938	Fixation
0.6674921875	0.93128125	10938	Fixation
0.6250546875	0.9946979166666666	10958	Fixation
0.6287265625	0.9882604166666666	10959	Fixation
0.5994921875	0.8950729166666667	10964	Fixation
0.601453125	0.9016458333333334	10965	Fixation
0.6057578125	0.9050833333333334	10965	Fixation
0.510421875	0.9900833333333333	11075	Fixation
0.5019296875	0.9644479166666666	11076	Fixation
0.5242734375	0.9224479166666666	11089	Fixation
0.5558515625	0.9154583333333334	11090	Fixation
0.5372734375	0.8873645833333333	11090	Fixation
0.4551953125	0.6331770833333333	11208	Fixation
0.46065625	0.5984479166666666	11209	Fixation
0.55240625	0.9719479166666667	11214	Fixation
0.4643984375	0.9382083333333333	11250	Fixation
0.47450000000000003	0.8860208333333334	11250	Fixation
0.6139609375	0.9784479166666666	11283	Fixation
0.557828125	0.8300104166666666	11302	Fixation
0.5319140625000001	0.7878645833333333	11306	Fixation
0.532359375	0.7993645833333333	11307	Fixation
0.4334921875	0.8680208333333332	11321	Fixation
0.46082812500000003	0.8405833333333333	11321	Fixation
0.488953125	0.8932916666666666	11322	Fixation
0.637875	0.9930833333333333	11378	Fixation
0.6229843749999999	0.9621770833333334	11379	Fixation
0.519296875	0.9641666666666667	11423	Fixation
0.5290781250000001	0.9553020833333333	11426	Fixation
0.5311874999999999	0.8953854166666667	11427	Fixation
0.47678125	0.9868541666666667	11575	Fixation
0.45997656249999996	0.9690937500000001	11576	Fixation
0.4830078125	0.9383125	11582	Fixation
0.4906796875	0.93878125	11582	Fixation
0.6398828125	0.9229583333333333	11624	Fixation
0.6122734375000001	0.87590625	11625	Fixation
0.612703125	0.9037916666666667	11626	Fixation
0.59271875	0.9177604166666666	11629	Fixation
0.5969921874999999	0.9148958333333332	11630	Fixation
0.587234375	0.9110312500000001	11630	Fixation
0.2956875	0.5544479166666666	11719	Fixation
0.47228906249999997	0.47313541666666664	11720	Fixation
0.48250000000000004	0.48763541666666665	11721	Fixation
0.5312109375	0.6044791666666666	11728	Fixation
0.53125	0.5738229166666666	11729	Fixation
0.5510625	0.8850729166666667	11804	Fixation
0.549921875	0.8838541666666667	11804	Fixation
0.5365859375	0.9411979166666666	11805	Fixation
0.626265625	0.88190625	11832	Fixation
0.5106484375	0.9791562500000001	11833	Fixation
0.5109843749999999	0.9810520833333333	11834	Fixation
0.6257578125000001	0.9635416666666666	11874	Fixation
0.618203125	0.97059375	11875	Fixation
0.62034375	0.9678020833333334	11900	Fixation
0.61	0.9696250000000001	11901	Fixation
0.6161484374999999	0.9808958333333333	11902	Fixation
0.5283203125	0.9260520833333333	11913	Fixation
0.524109375	0.9303541666666667	11914	Fixation
0.8270078125	0.97840625	11934	Fixation
0.78175	0.9474687500000001	11934	Fixation
0.7472109375	0.9563645833333333	11935	Fixation
0.7043828125	0.9092395833333333	11936	Fixation
0.6826640625	0.9222708333333334	11937	Fixation
0.6579296875	0.8993749999999999	11938	Fixation
0.35490625	0.96496875	11999	Fixation
0.3618046875	0.9906458333333333	11999	Fixation
0.40132031250000005	0.9675520833333333	12000	Fixation
0.396625	0.9645833333333333	12001	Fixation
0.3959609375	0.978	12001	Fixation
0.5972265625000001	0.9131354166666666	12042	Fixation
0.602265625	0.9243020833333334	12042	Fixation
0.5982265625000001	0.88525	12043	Fixation
0.6034765625	0.9074583333333333	12044	Fixation
0.60259375	0.89959375	12045	Fixation
0.602515625	0.88153125	12046	Fixation
0.652734375	0.9009791666666668	12048	Fixation
0.6596093749999999	0.885	12049	Fixation
0.7496484375	0.615	12061	Fixation
0.74409375	0.6055208333333333	12061	Fixation
0.751328125	0.6075937499999999	12062	Fixation
0.7793203125	0.6439791666666667	12063	Fixation
0.6801484375	0.9781354166666667	12134	Fixation
0.6921015625	0.94975	12135	Fixation
0.6867578125	0.9313020833333333	12136	Fixation
0.6951015625	0.9162187500000001	12138	Fixation
0.6884921875	0.8750520833333333	12139	Fixation
0.7002265624999999	0.8977395833333334	12140	Fixation
0.63896875	0.5034062499999999	12155	Fixation
0.6426406250000001	0.5085729166666667	12156	Fixation
0.6411718750000001	0.52071875	12157	Fixation
0.6348046875	0.5055416666666667	12157	Fixation
0.7079140625	0.5817604166666667	12174	Fixation
0.6949062500000001	0.5573229166666667	12175	Fixation
0.687359375	0.5345416666666666	12176	Fixation
0.724515625	0.6189166666666667	12225	Fixation
0.7100703125	0.6468958333333333	12225	Fixation
0.7061484375	0.6490416666666667	12226	Fixation
0.6811484375	0.6335833333333334	12227	Fixation
0.644765625	0.8214375	12287	Fixation
0.663953125	0.7700104166666667	12287	Fixation
0.5937265625	0.5758125	12294	Fixation
0.589796875	0.5758125	12295	Fixation
0.590859375	0.5796666666666667	12296	Fixation
0.73665625	0.9799583333333334	12335	Fixation
0.4785078125	0.7440833333333334	12434	Fixation
0.4745390625	0.7435625	12434	Fixation
0.5181640625	0.7241666666666667	12435	Fixation
0.5665234375	0.4962708333333333	12441	Fixation
0.563765625	0.5137708333333334	12442	Fixation
0.6269765625	0.9062916666666666	12459	Fixation
0.6332578125	0.9148333333333334	12460	Fixation
0.6354062500000001	0.9241979166666667	12461	Fixation
0.6227578125	0.9374791666666666	12471	Fixation
0.6337109375	0.9794583333333333	12471	Fixation
0.6383359375000001	0.9982291666666666	12474	Fixation
0.628765625	0.97065625	12475	Fixation
0.6272890624999999	0.9761458333333334	12476	Fixation
0.5897109375	0.9557708333333333	12527	Fixation
0.5855312500000001	0.9509583333333332	12528	Fixation
0.578703125	0.9509583333333332	12529	Fixation
0.6836328125	0.88525	12585	Fixation
0.6685	0.877625	12586	Fixation
0.6280859375000001	0.8642395833333333	12587	Fixation
0.6027578124999999	0.8390208333333333	12587	Fixation
0.597140625	0.8446979166666666	12588	Fixation
0.5997343749999999	0.8428958333333333	12589	Fixation
0.662984375	0.8059791666666667	12639	Fixation
0.6506484375	0.8329479166666667	12640	Fixation
0.6562265625	0.8568020833333333	12641	Fixation
0.6513125	0.8882395833333334	12641	Fixation
0.5701015625	0.9857395833333332	12671	Fixation
0.577703125	0.9447291666666667	12671	Fixation
0.5956484375	0.99346875	12692	Fixation
0.586515625	0.9759687499999999	12693	Fixation
0.5821562499999999	0.9528229166666667	12694	Fixation
0.5074453125	0.8871458333333333	12742	Fixation
0.5057734375	0.89009375	12743	Fixation
0.45709375	0.9917395833333333	12751	Fixation
0.4542265625	0.9891458333333334	12751	Fixation
0.60609375	0.8797291666666667	12758	Fixation
0.5839375	0.8535729166666666	12759	Fixation
0.523421875	0.8242499999999999	12790	Fixation
0.5163828125000001	0.8260625	12790	Fixation
0.5151953125000001	0.8459375	12791	Fixation
0.613796875	0.5203229166666666	12849	Fixation
0.6109296875	0.52965625	12850	Fixation
0.5773359375	0.5713125	12851	Fixation
0.4581328125	0.6430312499999999	12853	Fixation
0.45103125000000005	0.6379687500000001	12853	Fixation
0.45384375	0.6484895833333333	12854	Fixation
0.41404687500000004	0.7379583333333334	12857	Fixation
0.41559375000000004	0.7349791666666667	12858	Fixation
0.49312500000000004	0.7824583333333333	12864	Fixation
0.478109375	0.72646875	12865	Fixation
0.47985937500000003	0.73415625	12866	Fixation
0.462703125	0.8191041666666667	12875	Fixation
0.4639375	0.8154583333333334	12876	Fixation
0.4682578125	0.8141979166666666	12877	Fixation
0.42564062500000005	0.8023125	12904	Fixation
0.4392421875	0.8023333333333333	12905	Fixation
0.4538828125	0.8008958333333334	12906	Fixation
0.4609140625	0.7942812499999999	12906	Fixation
0.3144453125	0.6117916666666667	12978	Fixation
0.333390625	0.637625	12978	Fixation
0.307921875	0.6391354166666667	12982	Fixation
0.31379687500000003	0.6436354166666667	12982	Fixation
0.33471875	0.6389895833333333	12983	Fixation
0.33275	0.6388125	12984	Fixation
0.338609375	0.642625	12985	Fixation
0.3022734375	0.7934375	12988	Fixation
0.3303125	0.7345208333333333	12989	Fixation
0.3360546875	0.723125	12989	Fixation
0.3957265625	0.7253124999999999	12991	Fixation
0.3980625	0.7250520833333333	12992	Fixation
0.42072656249999996	0.7252916666666667	12997	Fixation
0.42514843750000003	0.7215104166666666	12998	Fixation
0.410734375	0.72946875	12999	Fixation
0.3919375	0.6941875	13000	Fixation
0.39559375	0.6787395833333334	13000	Fixation
0.45118749999999996	0.7391875	13010	Fixation
0.42135937500000004	0.604125	13011	Fixation
0.5291171875	0.4860208333333333	13022	Fixation
0.5371718750000001	0.49221875	13023	Fixation
0.55371875	0.5293958333333334	13024	Fixation
0.5709609375	0.5411874999999999	13024	Fixation
0.483015625	0.5794374999999999	13047	Fixation
0.47935937500000003	0.5878125	13048	Fixation
0.46609375000000003	0.6456875	13049	Fixation
0.4643515625	0.6547083333333333	13049	Fixation
0.4653515625	0.6357083333333333	13050	Fixation
0.44167187500000005	0.43182291666666667	13058	Fixation
0.4419453125	0.4533125	13059	Fixation
0.4510703125	0.47194791666666663	13060	Fixation
0.45628906249999995	0.48074999999999996	13060	Fixation
0.46092187500000004	0.4659479166666667	13061	Fixation
0.4588984375	0.48378125	13062	Fixation
0.361828125	0.43224999999999997	13064	Fixation
0.3708125	0.4443125	13065	Fixation
0.3608828125	0.42713541666666666	13066	Fixation
0.7082578125000001	0.68021875	13078	Fixation
0.6719999999999999	0.667	13078	Fixation
0.6606796875	0.6754687500000001	13079	Fixation
0.647734375	0.6646458333333333	13080	Fixation
0.5421328125	0.45503125	13087	Fixation
0.5510234374999999	0.4626041666666667	13087	Fixation
0.5505390625000001	0.4806458333333333	13088	Fixation
0.5508984375	0.47051041666666665	13089	Fixation
0.5550937499999999	0.4527291666666667	13090	Fixation
0.554203125	0.45159374999999996	13091	Fixation
0.609875	0.49454166666666666	13105	Fixation
0.65121875	0.5461354166666667	13106	Fixation
0.24856250000000002	0.5937291666666666	13119	Fixation
0.2719140625	0.5838229166666667	13120	Fixation
0.28802343750000003	0.5789479166666667	13121	Fixation
0.5711953125	0.50840625	13139	Fixation
0.5713515625000001	0.44421875	13139	Fixation
0.5493671875	0.4895833333333333	13140	Fixation
0.546484375	0.5500208333333333	13141	Fixation
0.54134375	0.5032708333333333	13142	Fixation
0.536203125	0.5615833333333333	13143	Fixation
0.53365625	0.4940208333333333	13143	Fixation
0.526640625	0.4935208333333333	13144	Fixation
0.5186875	0.54875	13145	Fixation
0.5142265625	0.5470729166666667	13146	Fixation
0.524828125	0.5167916666666666	13149	Fixation
0.532421875	0.5065000000000001	13150	Fixation
0.5238203125	0.4956979166666667	13151	Fixation
0.5381640625	0.49883333333333335	13151	Fixation
0.540046875	0.5013854166666667	13152	Fixation
0.5513125	0.5728645833333333	13154	Fixation
0.5528671875	0.5232395833333333	13155	Fixation
0.5767265625	0.5372604166666667	13156	Fixation
0.5768515625	0.5398854166666667	13157	Fixation
0.577765625	0.5777708333333333	13158	Fixation
0.591625	0.5826145833333333	13159	Fixation
0.5921875	0.5799375	13159	Fixation
0.6187968749999999	0.5766770833333333	13160	Fixation
0.6488359375	0.5801458333333334	13161	Fixation
0.68525	0.5788958333333334	13162	Fixation
0.54959375	0.8563958333333334	13201	Fixation
0.5509375000000001	0.86075	13202	Fixation
0.548	0.8679791666666666	13202	Fixation
0.5461406249999999	0.9311458333333333	13205	Fixation
0.5470625	0.9356354166666667	13206	Fixation
0.5572734374999999	0.9743333333333334	13206	Fixation
0.40768750000000004	0.36046875	13244	Fixation
0.4322421875	0.40297916666666667	13244	Fixation
0.4376640625	0.442125	13245	Fixation
0.466578125	0.4330833333333333	13246	Fixation
0.4948203125	0.41882291666666666	13247	Fixation
0.5060234375	0.44260416666666663	13248	Fixation
0.498234375	0.5729375	13259	Fixation
0.5038437499999999	0.5715312499999999	13260	Fixation
0.50134375	0.5735833333333333	13261	Fixation
0.5002265625	0.5833333333333334	13262	Fixation
0.5063515625	0.5673958333333334	13264	Fixation
0.5037578125	0.5690937500000001	13265	Fixation
0.5073671875	0.5765729166666667	13265	Fixation
0.628328125	0.4584375	13268	Fixation
0.629984375	0.44846874999999997	13269	Fixation
0.6155390625	0.44959375	13271	Fixation
0.600953125	0.45309375	13271	Fixation
0.5986640624999999	0.43814583333333335	13272	Fixation
0.5882265624999999	0.463625	13276	Fixation
0.5908046875	0.46221875	13277	Fixation
0.587890625	0.46547916666666667	13278	Fixation
0.5918203125	0.44127083333333333	13280	Fixation
0.5841953125	0.44888541666666665	13281	Fixation
0.5848203125	0.46134375	13281	Fixation
0.5791171875	0.4700416666666667	13282	Fixation
0.580609375	0.44890625	13285	Fixation
0.57871875	0.46065625000000004	13285	Fixation
0.5767187500000001	0.4366875	13286	Fixation
0.591203125	0.4354270833333333	13287	Fixation
0.5837109375	0.4436041666666667	13288	Fixation
0.5836953125	0.45995833333333336	13289	Fixation
0.5802421875	0.45920833333333333	13290	Fixation
0.5774453125	0.4516145833333333	13290	Fixation
0.584609375	0.4505	13291	Fixation
0.5774453125	0.45197916666666665	13291	Fixation
0.579234375	0.4515	13292	Fixation
0.5747421875	0.45582291666666663	13293	Fixation
0.5761015625	0.4467083333333333	13294	Fixation
0.580265625	0.4561145833333333	13295	Fixation
0.577859375	0.44020833333333337	13296	Fixation
0.5746796875	0.4579375	13297	Fixation
0.5843828125	0.40835416666666663	13298	Fixation
0.5671171875	0.4326666666666667	13298	Fixation
0.5811640625	0.443625	13299	Fixation
0.5755625	0.45582291666666663	13300	Fixation
0.57353125	0.45418749999999997	13301	Fixation
0.5749453124999999	0.46	13301	Fixation
0.5780703125	0.44475	13304	Fixation
0.5797578125	0.4622708333333333	13305	Fixation
0.5775390625	0.4415729166666667	13305	Fixation
0.5751015625	0.45879166666666665	13306	Fixation
0.573390625	0.4638333333333333	13307	Fixation
0.57278125	0.461625	13308	Fixation
0.577609375	0.43015624999999996	13309	Fixation
0.57125	0.47651041666666666	13310	Fixation
0.5717109375	0.46046875000000004	13310	Fixation
0.5730546875	0.45303125000000005	13311	Fixation
0.575734375	0.4402916666666667	13311	Fixation
0.571890625	0.4355833333333334	13314	Fixation
0.5758828125	0.46230208333333334	13315	Fixation
0.58396875	0.43387499999999996	13316	Fixation
0.58025	0.45548958333333334	13317	Fixation
0.5835625	0.42745833333333333	13318	Fixation
0.5808828125	0.4496041666666667	13318	Fixation
0.5720078125	0.43066666666666664	13319	Fixation
0.5797109375	0.43746875	13320	Fixation
0.3011640625	0.4378229166666667	13330	Fixation
0.30529687499999997	0.45693750000000005	13330	Fixation
0.309546875	0.45539583333333333	13331	Fixation
0.307046875	0.4579583333333333	13331	Fixation
0.3083515625	0.44947916666666665	13332	Fixation
0.30703125	0.45283333333333337	13333	Fixation
0.3132265625	0.45547916666666666	13334	Fixation
0.3114765625	0.4541145833333333	13335	Fixation
0.31413281249999997	0.45057291666666666	13336	Fixation
0.32308593750000003	0.45	13338	Fixation
0.31818749999999996	0.44898958333333333	13339	Fixation
0.3204765625	0.4556979166666667	13340	Fixation
0.318265625	0.45365625	13341	Fixation
0.3157109375	0.4434895833333333	13341	Fixation
0.31846874999999997	0.450125	13342	Fixation
0.31953906249999997	0.4488229166666667	13343	Fixation
0.31971875	0.44906250000000003	13344	Fixation
0.3206484375	0.45837500000000003	13345	Fixation
0.32146093750000004	0.45079166666666665	13345	Fixation
0.3215234375	0.4451875	13346	Fixation
0.3218515625	0.45284375000000004	13347	Fixation
0.3246875	0.45566666666666666	13351	Fixation
0.3187109375	0.4540625	13352	Fixation
0.3218671875	0.4629375	13353	Fixation
0.3244140625	0.45503125	13354	Fixation
0.32571875	0.45075000000000004	13355	Fixation
0.32484375	0.44885416666666667	13356	Fixation
0.325140625	0.4419895833333333	13357	Fixation
0.32715625	0.4492291666666667	13363	Fixation
0.3293828125	0.45191666666666663	13364	Fixation
0.33475781250000003	0.4565416666666666	13367	Fixation
0.332359375	0.45958333333333334	13368	Fixation
0.330515625	0.4584895833333333	13368	Fixation
0.51221875	0.8365312500000001	13375	Fixation
0.510453125	0.8294479166666666	13376	Fixation
0.50575	0.81484375	13379	Fixation
0.51015625	0.82625	13380	Fixation
0.49389062499999997	0.8078125	13381	Fixation
0.494359375	0.8108333333333333	13381	Fixation
0.49349218749999996	0.8084895833333333	13382	Fixation
0.4932265625	0.80225	13383	Fixation
0.4942421875	0.8078958333333334	13384	Fixation
0.49010156250000003	0.8023645833333333	13385	Fixation
0.491609375	0.7991666666666667	13385	Fixation
0.49478906250000004	0.7951666666666667	13386	Fixation
0.5003124999999999	0.8072083333333333	13389	Fixation
0.4987421875	0.8001145833333333	13390	Fixation
0.4995859375	0.80309375	13391	Fixation
0.49890625	0.8019895833333333	13391	Fixation
0.49984375	0.8046458333333334	13392	Fixation
0.500953125	0.8096041666666667	13393	Fixation
0.5020781249999999	0.7991145833333333	13396	Fixation
0.502484375	0.8015416666666667	13396	Fixation
0.5006406250000001	0.79890625	13397	Fixation
0.5006875	0.80009375	13398	Fixation
0.4841875	0.7872604166666667	13405	Fixation
0.484	0.78540625	13406	Fixation
0.48256249999999995	0.79325	13409	Fixation
0.485734375	0.79196875	13410	Fixation
0.485375	0.7898854166666667	13411	Fixation
0.4690390625	0.7880520833333333	13415	Fixation
0.471203125	0.8023229166666667	13416	Fixation
0.49460156250000004	0.7873125000000001	13416	Fixation
0.50071875	0.7888229166666666	13417	Fixation
0.4983984375	0.8101979166666666	13418	Fixation
0.5019375	0.7837916666666668	13419	Fixation
0.4962734375	0.7883125	13420	Fixation
0.494359375	0.7820520833333333	13420	Fixation
0.49440625000000005	0.7959375000000001	13421	Fixation
0.49675	0.7935833333333334	13422	Fixation
0.49714843750000004	0.78440625	13423	Fixation
0.49122656249999996	0.77925	13424	Fixation
0.4937421875	0.7803125000000001	13424	Fixation
0.49171875	0.7797395833333333	13425	Fixation
0.499234375	0.8021979166666667	13426	Fixation
0.4930703125	0.7828333333333333	13427	Fixation
0.49243750000000003	0.7818437500000001	13428	Fixation
0.4935390625	0.7789895833333333	13428	Fixation
0.493828125	0.8035520833333333	13429	Fixation
0.48684374999999996	0.7752395833333333	13430	Fixation
0.49545312499999994	0.77803125	13431	Fixation
0.4972578125	0.7983958333333334	13431	Fixation
0.4915234375	0.7693125	13432	Fixation
0.4941640625	0.7802916666666667	13433	Fixation
0.49440625000000005	0.7809791666666667	13434	Fixation
0.4935390625	0.7802395833333333	13435	Fixation
0.48316406250000005	0.5015104166666666	13439	Fixation
0.49572656249999997	0.5064583333333333	13440	Fixation
0.48325781250000005	0.48870833333333336	13440	Fixation
0.49540625	0.49504166666666666	13441	Fixation
0.2904140625	0.8822083333333333	13554	Fixation
0.2902265625	0.8758750000000001	13554	Fixation
0.28840625000000003	0.8738229166666667	13555	Fixation
0.28909375000000004	0.9015208333333333	13556	Fixation
0.31921875	0.8448125	13595	Fixation
0.4025625	0.9156458333333333	13596	Fixation
0.3831015625	0.9135000000000001	13597	Fixation
0.41515625	0.78265625	13599	Fixation
0.41883593750000003	0.7624375000000001	13600	Fixation
0.41442968750000003	0.7581041666666667	13603	Fixation
0.41612499999999997	0.7403645833333333	13603	Fixation
0.59840625	0.36325	13641	Fixation
0.592	0.37542708333333336	13642	Fixation
0.5776328125	0.3858020833333333	13642	Fixation
0.57315625	0.4234375	13645	Fixation
0.5635234375	0.41232291666666665	13645	Fixation
0.5683203125	0.4132604166666667	13646	Fixation
0.5605546875	0.41009375	13647	Fixation
0.55228125	0.40854166666666664	13648	Fixation
0.526859375	0.40948958333333335	13651	Fixation
0.52296875	0.40007291666666667	13651	Fixation
0.534859375	0.37640625	13652	Fixation
0.5408203125	0.36333333333333334	13653	Fixation
0.5404687499999999	0.35262499999999997	13654	Fixation
0.540625	0.36678125	13655	Fixation
0.5444609375	0.41713541666666665	13656	Fixation
0.47957031250000004	0.72875	13659	Fixation
0.4751484375	0.7380833333333333	13660	Fixation
0.46801562499999994	0.7487708333333334	13661	Fixation
0.3462421875	0.5360416666666666	13676	Fixation
0.34278125	0.5386041666666667	13677	Fixation
0.338203125	0.5266562499999999	13677	Fixation
0.320125	0.5107395833333334	13683	Fixation
0.32139843749999997	0.5085520833333333	13684	Fixation
0.4475546875	0.38405208333333335	13686	Fixation
0.46828125	0.3637916666666667	13687	Fixation
0.461421875	0.35152083333333334	13688	Fixation
0.5963671875000001	0.27120833333333333	13690	Fixation
0.596296875	0.30054166666666665	13691	Fixation
0.5899609375	0.29081250000000003	13691	Fixation
0.6149765625	0.2575	13692	Fixation
0.603609375	0.26607291666666666	13693	Fixation
0.602421875	0.3024479166666667	13694	Fixation
0.597546875	0.31958333333333333	13695	Fixation
0.596390625	0.31467708333333333	13696	Fixation
0.6162421874999999	0.30963541666666666	13698	Fixation
0.606	0.3110625	13699	Fixation
0.60340625	0.2847604166666667	13700	Fixation
0.6052109375	0.2638854166666667	13701	Fixation
0.46859375	0.25507291666666665	13704	Fixation
0.466328125	0.25908333333333333	13704	Fixation
0.44721093749999996	0.25356249999999997	13705	Fixation
0.4399609375	0.2718333333333333	13706	Fixation
0.4359609375	0.2888541666666667	13707	Fixation
0.426078125	0.29483333333333334	13708	Fixation
0.4108359375	0.2836979166666667	13709	Fixation
